1 3 2 1
1 5 3 2
1 8 4 2
1 13 5 3
1 21 6 3
1 34 7 4
1 55 8 4
1 89 9 5
1 144 10 5
1 233 11 6
1 377 12 6
1 610 13 7
1 987 14 7
1 1597 15 8
1 2584 16 8
1 4181 17 9
1 6765 18 9
1 10946 19 10
1 17711 20 10
1 28657 21 11
1 46368 22 11
1 75025 23 12
1 121393 24 12
1 196418 25 13
1 317811 26 13
1 514229 27 14
1 832040 28 14
1 1346269 29 15
1 2178309 30 15
1 3524578 31 16
1 5702887 32 16
1 9227465 33 17
1 14930352 34 17
1 24157817 35 18
1 39088169 36 18
1 63245986 37 19
1 102334155 38 19
1 165580141 39 20
1 267914296 40 20
1 433494437 41 21
1 701408733 42 21
1 1134903170 43 22
1 1836311903 44 22
1 2971215073 45 23
1 4807526976 46 23
1 7778742049 47 24
1 12586269025 48 24
1 20365011074 49 25
1 32951280099 50 25
1 53316291173 51 26
1 86267571272 52 26
1 139583862445 53 27
1 225851433717 54 27
1 365435296162 55 28
1 591286729879 56 28
1 956722026041 57 29
1 1548008755920 58 29
1 2504730781961 59 30
1 4052739537881 60 30
1 6557470319842 61 31
1 10610209857723 62 31
1 17167680177565 63 32
1 27777890035288 64 32
1 44945570212853 65 33
1 72723460248141 66 33
1 117669030460994 67 34
1 190392490709135 68 34
1 308061521170129 69 35
1 498454011879264 70 35
1 806515533049393 71 36
1 1304969544928657 72 36
1 2111485077978050 73 37
1 3416454622906707 74 37
1 5527939700884757 75 38
1 8944394323791464 76 38
1 14472334024676221 77 39
1 23416728348467685 78 39
1 37889062373143906 79 40
1 5 4 2
1 18 6 3
5 8 4 2
18 21 6 2
18 34 7 6
1 18 7 3
1 18 8 3
1 107 10 4
18 55 8 7
107 144 10 7
107 233 11 10
1 107 11 4
1 107 12 4
1 717 14 5
1 2314 16 6
107 377 12 10
717 987 14 10
2314 2584 16 10
2314 4181 17 15
9079 10946 19 15
1 2314 17 6
1 9079 19 7
1 9079 20 7
9079 17711 20 17
9079 28657 21 18
1 9079 21 7
1 9079 22 7
9079 46368 22 18
9079 75025 23 19
130472 196418 25 19
1 9079 23 7
1 130472 25 8
1 130472 26 8
1 644701 28 9
130472 317811 26 21
644701 832040 28 21
644701 1346269 29 24
1 644701 29 9
1 644701 30 9
1 4169279 32 10
644701 2178309 30 24
4169279 5702887 32 24
4169279 9227465 33 27
1 4169279 33 10
1 4169279 34 10
4169279 14930352 34 27
4169279 24157817 35 28
43257448 63245986 37 28
1 4169279 35 10
1 43257448 37 11
1 43257448 38 11
43257448 102334155 38 30
43257448 165580141 39 31
311171744 433494437 41 31
1 43257448 39 11
1 311171744 41 12
1 311171744 42 12
311171744 701408733 42 33
311171744 1134903170 43 34
2147483647 2971215073 45 34
1 311171744 43 12
1 2147483647 45 13
1 2147483647 46 13
2147483647 4807526976 46 36
2147483647 7778742049 47 37
1 2147483647 47 13
1 2147483647 48 13
2147483647 12586269025 48 37
2147483647 20365011074 49 38
1 2147483647 49 13
1 2147483647 50 13
2147483647 32951280099 50 38
2147483647 53316291173 51 39
1 2147483647 51 13
1 2147483647 52 13
2147483647 86267571272 52 39
2147483647 139583862445 53 40
1 2147483647 53 13
1 2147483647 54 13
2147483647 225851433717 54 40
2147483647 365435296162 55 41
1 2147483647 55 13
1 2147483647 56 13
2147483647 591286729879 56 41
2147483647 956722026041 57 42
1 2147483647 57 13
1 2147483647 58 13
2147483647 1548008755920 58 42
2147483647 2504730781961 59 43
1 2147483647 59 13
1 2147483647 60 13
2147483647 4052739537881 60 43
2147483647 6557470319842 61 44
1 2147483647 61 13
1 2147483647 62 13
2147483647 10610209857723 62 44
2147483647 17167680177565 63 45
1 2147483647 63 13
1 2147483647 64 13
2147483647 27777890035288 64 45
2147483647 44945570212853 65 46
1 2147483647 65 13
1 2147483647 66 13
2147483647 72723460248141 66 46
2147483647 117669030460994 67 47
1 2147483647 67 13
1 2147483647 68 13
2147483647 190392490709135 68 47
2147483647 308061521170129 69 48
1 2147483647 69 13
1 2147483647 70 13
2147483647 498454011879264 70 48
2147483647 806515533049393 71 49
1 2147483647 71 13
1 2147483647 72 13
2147483647 1304969544928657 72 49
2147483647 2111485077978050 73 50
1 2147483647 73 13
1 2147483647 74 13
2147483647 3416454622906707 74 50
2147483647 5527939700884757 75 51
1 2147483647 75 13
1 2147483647 76 13
2147483647 8944394323791464 76 51
2147483647 14472334024676221 77 52
1 2147483647 77 13
1 2147483647 78 13
2147483647 23416728348467685 78 52
2147483647 37889062373143906 79 53
1 2147483647 79 13
1 2147483647 80 13
13
