2 1 1
2 1 2
2 3 1
2 3 2
2 3 3
2 3 4
2 3 6
2 5 1
2 5 2
2 5 3
2 5 4
2 5 5
2 5 6
2 5 8
2 5 10
2 7 1
2 7 2
2 7 3
2 7 4
2 7 5
2 7 6
2 7 7
2 7 8
2 7 10
2 7 12
2 7 14
2 9 1
2 9 2
2 9 3
2 9 4
2 9 5
2 9 6
2 9 7
2 9 8
2 9 9
2 9 10
2 9 12
2 9 14
2 9 16
2 9 18
3 1 1
3 1 2
3 1 3
3 2 1
3 2 2
3 2 3
3 2 4
3 2 6
3 4 1
3 4 2
3 4 3
3 4 4
3 4 5
3 4 6
3 4 8
3 4 9
3 4 12
3 5 1
3 5 2
3 5 3
3 5 4
3 5 5
3 5 6
3 5 7
3 5 9
3 5 10
3 5 12
3 5 15
3 7 1
3 7 2
3 7 3
3 7 4
3 7 5
3 7 6
3 7 7
3 7 8
3 7 9
3 7 11
3 7 12
3 7 14
3 7 15
3 7 18
3 7 21
3 8 1
3 8 2
3 8 3
3 8 4
3 8 5
3 8 6
3 8 7
3 8 8
3 8 9
3 8 10
3 8 12
3 8 13
3 8 15
3 8 16
3 8 18
3 8 21
3 8 24
3 10 1
3 10 2
3 10 3
3 10 4
3 10 5
3 10 6
3 10 7
3 10 8
3 10 9
3 10 10
3 10 11
3 10 12
3 10 14
3 10 15
3 10 17
3 10 18
3 10 20
3 10 21
3 10 24
3 10 27
3 10 30
4 1 1
4 1 2
4 1 3
4 1 4
4 3 1
4 3 2
4 3 3
4 3 4
4 3 5
4 3 6
4 3 8
4 3 9
4 3 12
4 5 1
4 5 2
4 5 3
4 5 4
4 5 5
4 5 6
4 5 7
4 5 8
4 5 10
4 5 11
4 5 12
4 5 15
4 5 16
4 5 20
4 7 1
4 7 2
4 7 3
4 7 4
4 7 5
4 7 6
4 7 7
4 7 8
4 7 9
4 7 10
4 7 12
4 7 13
4 7 14
4 7 16
4 7 17
4 7 20
4 7 21
4 7 24
4 7 28
4 9 1
4 9 2
4 9 3
4 9 4
4 9 5
4 9 6
4 9 7
4 9 8
4 9 9
4 9 10
4 9 11
4 9 12
4 9 14
4 9 15
4 9 16
4 9 18
4 9 19
4 9 20
4 9 23
4 9 24
4 9 27
4 9 28
4 9 32
4 9 36
5 1 1
5 1 2
5 1 3
5 1 4
5 1 5
5 2 1
5 2 2
5 2 3
5 2 4
5 2 5
5 2 6
5 2 8
5 2 10
5 3 1
5 3 2
5 3 3
5 3 4
5 3 5
5 3 6
5 3 7
5 3 9
5 3 10
5 3 12
5 3 15
5 4 1
5 4 2
5 4 3
5 4 4
5 4 5
5 4 6
5 4 7
5 4 8
5 4 10
5 4 11
5 4 12
5 4 15
5 4 16
5 4 20
5 6 1
5 6 2
5 6 3
5 6 4
5 6 5
5 6 6
5 6 7
5 6 8
5 6 9
5 6 10
5 6 12
5 6 13
5 6 14
5 6 15
5 6 18
5 6 19
5 6 20
5 6 24
5 6 25
5 6 30
5 7 1
5 7 2
5 7 3
5 7 4
5 7 5
5 7 6
5 7 7
5 7 8
5 7 9
5 7 10
5 7 11
5 7 13
5 7 14
5 7 15
5 7 16
5 7 18
5 7 20
5 7 21
5 7 23
5 7 25
5 7 28
5 7 30
5 7 35
5 8 1
5 8 2
5 8 3
5 8 4
5 8 5
5 8 6
5 8 7
5 8 8
5 8 9
5 8 10
5 8 11
5 8 12
5 8 14
5 8 15
5 8 16
5 8 17
5 8 19
5 8 20
5 8 22
5 8 24
5 8 25
5 8 27
5 8 30
5 8 32
5 8 35
5 8 40
5 9 1
5 9 2
5 9 3
5 9 4
5 9 5
5 9 6
5 9 7
5 9 8
5 9 9
5 9 10
5 9 11
5 9 12
5 9 13
5 9 15
5 9 16
5 9 17
5 9 18
5 9 20
5 9 21
5 9 22
5 9 25
5 9 26
5 9 27
5 9 30
5 9 31
5 9 35
5 9 36
5 9 40
5 9 45
6 1 1
6 1 2
6 1 3
6 1 4
6 1 5
6 1 6
6 5 1
6 5 2
6 5 3
6 5 4
6 5 5
6 5 6
6 5 7
6 5 8
6 5 9
6 5 10
6 5 12
6 5 13
6 5 14
6 5 15
6 5 18
6 5 19
6 5 20
6 5 24
6 5 25
6 5 30
6 7 1
6 7 2
6 7 3
6 7 4
6 7 5
6 7 6
6 7 7
6 7 8
6 7 9
6 7 10
6 7 11
6 7 12
6 7 14
6 7 15
6 7 16
6 7 17
6 7 18
6 7 21
6 7 22
6 7 23
6 7 24
6 7 28
6 7 29
6 7 30
6 7 35
6 7 36
6 7 42
7 1 1
7 1 2
7 1 3
7 1 4
7 1 5
7 1 6
7 1 7
7 2 1
7 2 2
7 2 3
7 2 4
7 2 5
7 2 6
7 2 7
7 2 8
7 2 10
7 2 12
7 2 14
7 3 1
7 3 2
7 3 3
7 3 4
7 3 5
7 3 6
7 3 7
7 3 8
7 3 9
7 3 11
7 3 12
7 3 14
7 3 15
7 3 18
7 3 21
7 4 1
7 4 2
7 4 3
7 4 4
7 4 5
7 4 6
7 4 7
7 4 8
7 4 9
7 4 10
7 4 12
7 4 13
7 4 14
7 4 16
7 4 17
7 4 20
7 4 21
7 4 24
7 4 28
7 5 1
7 5 2
7 5 3
7 5 4
7 5 5
7 5 6
7 5 7
7 5 8
7 5 9
7 5 10
7 5 11
7 5 13
7 5 14
7 5 15
7 5 16
7 5 18
7 5 20
7 5 21
7 5 23
7 5 25
7 5 28
7 5 30
7 5 35
7 6 1
7 6 2
7 6 3
7 6 4
7 6 5
7 6 6
7 6 7
7 6 8
7 6 9
7 6 10
7 6 11
7 6 12
7 6 14
7 6 15
7 6 16
7 6 17
7 6 18
7 6 21
7 6 22
7 6 23
7 6 24
7 6 28
7 6 29
7 6 30
7 6 35
7 6 36
7 6 42
7 8 1
7 8 2
7 8 3
7 8 4
7 8 5
7 8 6
7 8 7
7 8 8
7 8 9
7 8 10
7 8 11
7 8 12
7 8 13
7 8 14
7 8 16
7 8 17
7 8 18
7 8 19
7 8 20
7 8 21
7 8 24
7 8 25
7 8 26
7 8 27
7 8 28
7 8 32
7 8 33
7 8 34
7 8 35
7 8 40
7 8 41
7 8 42
7 8 48
7 8 49
7 8 56
7 9 1
7 9 2
7 9 3
7 9 4
7 9 5
7 9 6
7 9 7
7 9 8
7 9 9
7 9 10
7 9 11
7 9 12
7 9 13
7 9 14
7 9 15
7 9 17
7 9 18
7 9 19
7 9 20
7 9 21
7 9 22
7 9 24
7 9 26
7 9 27
7 9 28
7 9 29
7 9 31
7 9 33
7 9 35
7 9 36
7 9 38
7 9 40
7 9 42
7 9 45
7 9 47
7 9 49
7 9 54
7 9 56
7 9 63
7 10 1
7 10 2
7 10 3
7 10 4
7 10 5
7 10 6
7 10 7
7 10 8
7 10 9
7 10 10
7 10 11
7 10 12
7 10 13
7 10 14
7 10 15
7 10 16
7 10 18
7 10 19
7 10 20
7 10 21
7 10 22
7 10 23
7 10 25
7 10 26
7 10 28
7 10 29
7 10 30
7 10 32
7 10 33
7 10 35
7 10 36
7 10 39
7 10 40
7 10 42
7 10 43
7 10 46
7 10 49
7 10 50
7 10 53
7 10 56
7 10 60
7 10 63
7 10 70
8 1 1
8 1 2
8 1 3
8 1 4
8 1 5
8 1 6
8 1 7
8 1 8
8 3 1
8 3 2
8 3 3
8 3 4
8 3 5
8 3 6
8 3 7
8 3 8
8 3 9
8 3 10
8 3 12
8 3 13
8 3 15
8 3 16
8 3 18
8 3 21
8 3 24
8 5 1
8 5 2
8 5 3
8 5 4
8 5 5
8 5 6
8 5 7
8 5 8
8 5 9
8 5 10
8 5 11
8 5 12
8 5 14
8 5 15
8 5 16
8 5 17
8 5 19
8 5 20
8 5 22
8 5 24
8 5 25
8 5 27
8 5 30
8 5 32
8 5 35
8 5 40
8 7 1
8 7 2
8 7 3
8 7 4
8 7 5
8 7 6
8 7 7
8 7 8
8 7 9
8 7 10
8 7 11
8 7 12
8 7 13
8 7 14
8 7 16
8 7 17
8 7 18
8 7 19
8 7 20
8 7 21
8 7 24
8 7 25
8 7 26
8 7 27
8 7 28
8 7 32
8 7 33
8 7 34
8 7 35
8 7 40
8 7 41
8 7 42
8 7 48
8 7 49
8 7 56
8 9 1
8 9 2
8 9 3
8 9 4
8 9 5
8 9 6
8 9 7
8 9 8
8 9 9
8 9 10
8 9 11
8 9 12
8 9 13
8 9 14
8 9 15
8 9 16
8 9 18
8 9 19
8 9 20
8 9 21
8 9 22
8 9 23
8 9 24
8 9 27
8 9 28
8 9 29
8 9 30
8 9 31
8 9 32
8 9 36
8 9 37
8 9 38
8 9 39
8 9 40
8 9 45
8 9 46
8 9 47
8 9 48
8 9 54
8 9 55
8 9 56
8 9 63
8 9 64
8 9 72
9 1 1
9 1 2
9 1 3
9 1 4
9 1 5
9 1 6
9 1 7
9 1 8
9 1 9
9 2 1
9 2 2
9 2 3
9 2 4
9 2 5
9 2 6
9 2 7
9 2 8
9 2 9
9 2 10
9 2 12
9 2 14
9 2 16
9 2 18
9 4 1
9 4 2
9 4 3
9 4 4
9 4 5
9 4 6
9 4 7
9 4 8
9 4 9
9 4 10
9 4 11
9 4 12
9 4 14
9 4 15
9 4 16
9 4 18
9 4 19
9 4 20
9 4 23
9 4 24
9 4 27
9 4 28
9 4 32
9 4 36
9 5 1
9 5 2
9 5 3
9 5 4
9 5 5
9 5 6
9 5 7
9 5 8
9 5 9
9 5 10
9 5 11
9 5 12
9 5 13
9 5 15
9 5 16
9 5 17
9 5 18
9 5 20
9 5 21
9 5 22
9 5 25
9 5 26
9 5 27
9 5 30
9 5 31
9 5 35
9 5 36
9 5 40
9 5 45
9 7 1
9 7 2
9 7 3
9 7 4
9 7 5
9 7 6
9 7 7
9 7 8
9 7 9
9 7 10
9 7 11
9 7 12
9 7 13
9 7 14
9 7 15
9 7 17
9 7 18
9 7 19
9 7 20
9 7 21
9 7 22
9 7 24
9 7 26
9 7 27
9 7 28
9 7 29
9 7 31
9 7 33
9 7 35
9 7 36
9 7 38
9 7 40
9 7 42
9 7 45
9 7 47
9 7 49
9 7 54
9 7 56
9 7 63
9 8 1
9 8 2
9 8 3
9 8 4
9 8 5
9 8 6
9 8 7
9 8 8
9 8 9
9 8 10
9 8 11
9 8 12
9 8 13
9 8 14
9 8 15
9 8 16
9 8 18
9 8 19
9 8 20
9 8 21
9 8 22
9 8 23
9 8 24
9 8 27
9 8 28
9 8 29
9 8 30
9 8 31
9 8 32
9 8 36
9 8 37
9 8 38
9 8 39
9 8 40
9 8 45
9 8 46
9 8 47
9 8 48
9 8 54
9 8 55
9 8 56
9 8 63
9 8 64
9 8 72
9 10 1
9 10 2
9 10 3
9 10 4
9 10 5
9 10 6
9 10 7
9 10 8
9 10 9
9 10 10
9 10 11
9 10 12
9 10 13
9 10 14
9 10 15
9 10 16
9 10 17
9 10 18
9 10 20
9 10 21
9 10 22
9 10 23
9 10 24
9 10 25
9 10 26
9 10 27
9 10 30
9 10 31
9 10 32
9 10 33
9 10 34
9 10 35
9 10 36
9 10 40
9 10 41
9 10 42
9 10 43
9 10 44
9 10 45
9 10 50
9 10 51
9 10 52
9 10 53
9 10 54
9 10 60
9 10 61
9 10 62
9 10 63
9 10 70
9 10 71
9 10 72
9 10 80
9 10 81
9 10 90
10 1 1
10 1 2
10 1 3
10 1 4
10 1 5
10 1 6
10 1 7
10 1 8
10 1 9
10 1 10
10 3 1
10 3 2
10 3 3
10 3 4
10 3 5
10 3 6
10 3 7
10 3 8
10 3 9
10 3 10
10 3 11
10 3 12
10 3 14
10 3 15
10 3 17
10 3 18
10 3 20
10 3 21
10 3 24
10 3 27
10 3 30
10 7 1
10 7 2
10 7 3
10 7 4
10 7 5
10 7 6
10 7 7
10 7 8
10 7 9
10 7 10
10 7 11
10 7 12
10 7 13
10 7 14
10 7 15
10 7 16
10 7 18
10 7 19
10 7 20
10 7 21
10 7 22
10 7 23
10 7 25
10 7 26
10 7 28
10 7 29
10 7 30
10 7 32
10 7 33
10 7 35
10 7 36
10 7 39
10 7 40
10 7 42
10 7 43
10 7 46
10 7 49
10 7 50
10 7 53
10 7 56
10 7 60
10 7 63
10 7 70
10 9 1
10 9 2
10 9 3
10 9 4
10 9 5
10 9 6
10 9 7
10 9 8
10 9 9
10 9 10
10 9 11
10 9 12
10 9 13
10 9 14
10 9 15
10 9 16
10 9 17
10 9 18
10 9 20
10 9 21
10 9 22
10 9 23
10 9 24
10 9 25
10 9 26
10 9 27
10 9 30
10 9 31
10 9 32
10 9 33
10 9 34
10 9 35
10 9 36
10 9 40
10 9 41
10 9 42
10 9 43
10 9 44
10 9 45
10 9 50
10 9 51
10 9 52
10 9 53
10 9 54
10 9 60
10 9 61
10 9 62
10 9 63
10 9 70
10 9 71
10 9 72
10 9 80
10 9 81
10 9 90
