2 1 3
2 1 4
2 1 5
2 1 6
2 1 7
2 1 8
2 1 9
2 1 10
2 1 11
2 1 12
2 1 13
2 1 14
2 1 15
2 1 16
2 1 17
2 1 18
2 1 19
2 1 20
2 1 21
2 1 22
2 1 23
2 1 24
2 1 25
2 1 26
2 1 27
2 1 28
2 1 29
2 1 30
2 1 31
2 1 32
2 1 33
2 1 34
2 1 35
2 1 36
2 1 37
2 1 38
2 1 39
2 1 40
2 1 41
2 1 42
2 1 43
2 1 44
2 1 45
2 1 46
2 1 47
2 1 48
2 1 49
2 1 50
2 1 51
2 1 52
2 1 53
2 1 54
2 1 55
2 1 56
2 1 57
2 1 58
2 1 59
2 1 60
2 1 61
2 1 62
2 1 63
2 1 64
2 1 65
2 1 66
2 1 67
2 1 68
2 1 69
2 1 70
2 1 71
2 1 72
2 1 73
2 1 74
2 1 75
2 1 76
2 1 77
2 1 78
2 1 79
2 1 80
2 1 81
2 1 82
2 1 83
2 1 84
2 1 85
2 1 86
2 1 87
2 1 88
2 1 89
2 1 90
2 1 91
2 1 92
2 1 93
2 1 94
2 1 95
2 1 96
2 1 97
2 1 98
2 1 99
2 1 100
2 3 5
2 3 7
2 3 8
2 3 9
2 3 10
2 3 11
2 3 12
2 3 13
2 3 14
2 3 15
2 3 16
2 3 17
2 3 18
2 3 19
2 3 20
2 3 21
2 3 22
2 3 23
2 3 24
2 3 25
2 3 26
2 3 27
2 3 28
2 3 29
2 3 30
2 3 31
2 3 32
2 3 33
2 3 34
2 3 35
2 3 36
2 3 37
2 3 38
2 3 39
2 3 40
2 3 41
2 3 42
2 3 43
2 3 44
2 3 45
2 3 46
2 3 47
2 3 48
2 3 49
2 3 50
2 3 51
2 3 52
2 3 53
2 3 54
2 3 55
2 3 56
2 3 57
2 3 58
2 3 59
2 3 60
2 3 61
2 3 62
2 3 63
2 3 64
2 3 65
2 3 66
2 3 67
2 3 68
2 3 69
2 3 70
2 3 71
2 3 72
2 3 73
2 3 74
2 3 75
2 3 76
2 3 77
2 3 78
2 3 79
2 3 80
2 3 81
2 3 82
2 3 83
2 3 84
2 3 85
2 3 86
2 3 87
2 3 88
2 3 89
2 3 90
2 3 91
2 3 92
2 3 93
2 3 94
2 3 95
2 3 96
2 3 97
2 3 98
2 3 99
2 3 100
2 5 7
2 5 9
2 5 11
2 5 12
2 5 13
2 5 14
2 5 15
2 5 16
2 5 17
2 5 18
2 5 19
2 5 20
2 5 21
2 5 22
2 5 23
2 5 24
2 5 25
2 5 26
2 5 27
2 5 28
2 5 29
2 5 30
2 5 31
2 5 32
2 5 33
2 5 34
2 5 35
2 5 36
2 5 37
2 5 38
2 5 39
2 5 40
2 5 41
2 5 42
2 5 43
2 5 44
2 5 45
2 5 46
2 5 47
2 5 48
2 5 49
2 5 50
2 5 51
2 5 52
2 5 53
2 5 54
2 5 55
2 5 56
2 5 57
2 5 58
2 5 59
2 5 60
2 5 61
2 5 62
2 5 63
2 5 64
2 5 65
2 5 66
2 5 67
2 5 68
2 5 69
2 5 70
2 5 71
2 5 72
2 5 73
2 5 74
2 5 75
2 5 76
2 5 77
2 5 78
2 5 79
2 5 80
2 5 81
2 5 82
2 5 83
2 5 84
2 5 85
2 5 86
2 5 87
2 5 88
2 5 89
2 5 90
2 5 91
2 5 92
2 5 93
2 5 94
2 5 95
2 5 96
2 5 97
2 5 98
2 5 99
2 5 100
2 7 9
2 7 11
2 7 13
2 7 15
2 7 16
2 7 17
2 7 18
2 7 19
2 7 20
2 7 21
2 7 22
2 7 23
2 7 24
2 7 25
2 7 26
2 7 27
2 7 28
2 7 29
2 7 30
2 7 31
2 7 32
2 7 33
2 7 34
2 7 35
2 7 36
2 7 37
2 7 38
2 7 39
2 7 40
2 7 41
2 7 42
2 7 43
2 7 44
2 7 45
2 7 46
2 7 47
2 7 48
2 7 49
2 7 50
2 7 51
2 7 52
2 7 53
2 7 54
2 7 55
2 7 56
2 7 57
2 7 58
2 7 59
2 7 60
2 7 61
2 7 62
2 7 63
2 7 64
2 7 65
2 7 66
2 7 67
2 7 68
2 7 69
2 7 70
2 7 71
2 7 72
2 7 73
2 7 74
2 7 75
2 7 76
2 7 77
2 7 78
2 7 79
2 7 80
2 7 81
2 7 82
2 7 83
2 7 84
2 7 85
2 7 86
2 7 87
2 7 88
2 7 89
2 7 90
2 7 91
2 7 92
2 7 93
2 7 94
2 7 95
2 7 96
2 7 97
2 7 98
2 7 99
2 7 100
2 9 11
2 9 13
2 9 15
2 9 17
2 9 19
2 9 20
2 9 21
2 9 22
2 9 23
2 9 24
2 9 25
2 9 26
2 9 27
2 9 28
2 9 29
2 9 30
2 9 31
2 9 32
2 9 33
2 9 34
2 9 35
2 9 36
2 9 37
2 9 38
2 9 39
2 9 40
2 9 41
2 9 42
2 9 43
2 9 44
2 9 45
2 9 46
2 9 47
2 9 48
2 9 49
2 9 50
2 9 51
2 9 52
2 9 53
2 9 54
2 9 55
2 9 56
2 9 57
2 9 58
2 9 59
2 9 60
2 9 61
2 9 62
2 9 63
2 9 64
2 9 65
2 9 66
2 9 67
2 9 68
2 9 69
2 9 70
2 9 71
2 9 72
2 9 73
2 9 74
2 9 75
2 9 76
2 9 77
2 9 78
2 9 79
2 9 80
2 9 81
2 9 82
2 9 83
2 9 84
2 9 85
2 9 86
2 9 87
2 9 88
2 9 89
2 9 90
2 9 91
2 9 92
2 9 93
2 9 94
2 9 95
2 9 96
2 9 97
2 9 98
2 9 99
2 9 100
3 1 4
3 1 5
3 1 6
3 1 7
3 1 8
3 1 9
3 1 10
3 1 11
3 1 12
3 1 13
3 1 14
3 1 15
3 1 16
3 1 17
3 1 18
3 1 19
3 1 20
3 1 21
3 1 22
3 1 23
3 1 24
3 1 25
3 1 26
3 1 27
3 1 28
3 1 29
3 1 30
3 1 31
3 1 32
3 1 33
3 1 34
3 1 35
3 1 36
3 1 37
3 1 38
3 1 39
3 1 40
3 1 41
3 1 42
3 1 43
3 1 44
3 1 45
3 1 46
3 1 47
3 1 48
3 1 49
3 1 50
3 1 51
3 1 52
3 1 53
3 1 54
3 1 55
3 1 56
3 1 57
3 1 58
3 1 59
3 1 60
3 1 61
3 1 62
3 1 63
3 1 64
3 1 65
3 1 66
3 1 67
3 1 68
3 1 69
3 1 70
3 1 71
3 1 72
3 1 73
3 1 74
3 1 75
3 1 76
3 1 77
3 1 78
3 1 79
3 1 80
3 1 81
3 1 82
3 1 83
3 1 84
3 1 85
3 1 86
3 1 87
3 1 88
3 1 89
3 1 90
3 1 91
3 1 92
3 1 93
3 1 94
3 1 95
3 1 96
3 1 97
3 1 98
3 1 99
3 1 100
3 2 5
3 2 7
3 2 8
3 2 9
3 2 10
3 2 11
3 2 12
3 2 13
3 2 14
3 2 15
3 2 16
3 2 17
3 2 18
3 2 19
3 2 20
3 2 21
3 2 22
3 2 23
3 2 24
3 2 25
3 2 26
3 2 27
3 2 28
3 2 29
3 2 30
3 2 31
3 2 32
3 2 33
3 2 34
3 2 35
3 2 36
3 2 37
3 2 38
3 2 39
3 2 40
3 2 41
3 2 42
3 2 43
3 2 44
3 2 45
3 2 46
3 2 47
3 2 48
3 2 49
3 2 50
3 2 51
3 2 52
3 2 53
3 2 54
3 2 55
3 2 56
3 2 57
3 2 58
3 2 59
3 2 60
3 2 61
3 2 62
3 2 63
3 2 64
3 2 65
3 2 66
3 2 67
3 2 68
3 2 69
3 2 70
3 2 71
3 2 72
3 2 73
3 2 74
3 2 75
3 2 76
3 2 77
3 2 78
3 2 79
3 2 80
3 2 81
3 2 82
3 2 83
3 2 84
3 2 85
3 2 86
3 2 87
3 2 88
3 2 89
3 2 90
3 2 91
3 2 92
3 2 93
3 2 94
3 2 95
3 2 96
3 2 97
3 2 98
3 2 99
3 2 100
3 4 7
3 4 10
3 4 11
3 4 13
3 4 14
3 4 15
3 4 16
3 4 17
3 4 18
3 4 19
3 4 20
3 4 21
3 4 22
3 4 23
3 4 24
3 4 25
3 4 26
3 4 27
3 4 28
3 4 29
3 4 30
3 4 31
3 4 32
3 4 33
3 4 34
3 4 35
3 4 36
3 4 37
3 4 38
3 4 39
3 4 40
3 4 41
3 4 42
3 4 43
3 4 44
3 4 45
3 4 46
3 4 47
3 4 48
3 4 49
3 4 50
3 4 51
3 4 52
3 4 53
3 4 54
3 4 55
3 4 56
3 4 57
3 4 58
3 4 59
3 4 60
3 4 61
3 4 62
3 4 63
3 4 64
3 4 65
3 4 66
3 4 67
3 4 68
3 4 69
3 4 70
3 4 71
3 4 72
3 4 73
3 4 74
3 4 75
3 4 76
3 4 77
3 4 78
3 4 79
3 4 80
3 4 81
3 4 82
3 4 83
3 4 84
3 4 85
3 4 86
3 4 87
3 4 88
3 4 89
3 4 90
3 4 91
3 4 92
3 4 93
3 4 94
3 4 95
3 4 96
3 4 97
3 4 98
3 4 99
3 4 100
3 5 8
3 5 11
3 5 13
3 5 14
3 5 16
3 5 17
3 5 18
3 5 19
3 5 20
3 5 21
3 5 22
3 5 23
3 5 24
3 5 25
3 5 26
3 5 27
3 5 28
3 5 29
3 5 30
3 5 31
3 5 32
3 5 33
3 5 34
3 5 35
3 5 36
3 5 37
3 5 38
3 5 39
3 5 40
3 5 41
3 5 42
3 5 43
3 5 44
3 5 45
3 5 46
3 5 47
3 5 48
3 5 49
3 5 50
3 5 51
3 5 52
3 5 53
3 5 54
3 5 55
3 5 56
3 5 57
3 5 58
3 5 59
3 5 60
3 5 61
3 5 62
3 5 63
3 5 64
3 5 65
3 5 66
3 5 67
3 5 68
3 5 69
3 5 70
3 5 71
3 5 72
3 5 73
3 5 74
3 5 75
3 5 76
3 5 77
3 5 78
3 5 79
3 5 80
3 5 81
3 5 82
3 5 83
3 5 84
3 5 85
3 5 86
3 5 87
3 5 88
3 5 89
3 5 90
3 5 91
3 5 92
3 5 93
3 5 94
3 5 95
3 5 96
3 5 97
3 5 98
3 5 99
3 5 100
3 7 10
3 7 13
3 7 16
3 7 17
3 7 19
3 7 20
3 7 22
3 7 23
3 7 24
3 7 25
3 7 26
3 7 27
3 7 28
3 7 29
3 7 30
3 7 31
3 7 32
3 7 33
3 7 34
3 7 35
3 7 36
3 7 37
3 7 38
3 7 39
3 7 40
3 7 41
3 7 42
3 7 43
3 7 44
3 7 45
3 7 46
3 7 47
3 7 48
3 7 49
3 7 50
3 7 51
3 7 52
3 7 53
3 7 54
3 7 55
3 7 56
3 7 57
3 7 58
3 7 59
3 7 60
3 7 61
3 7 62
3 7 63
3 7 64
3 7 65
3 7 66
3 7 67
3 7 68
3 7 69
3 7 70
3 7 71
3 7 72
3 7 73
3 7 74
3 7 75
3 7 76
3 7 77
3 7 78
3 7 79
3 7 80
3 7 81
3 7 82
3 7 83
3 7 84
3 7 85
3 7 86
3 7 87
3 7 88
3 7 89
3 7 90
3 7 91
3 7 92
3 7 93
3 7 94
3 7 95
3 7 96
3 7 97
3 7 98
3 7 99
3 7 100
3 8 11
3 8 14
3 8 17
3 8 19
3 8 20
3 8 22
3 8 23
3 8 25
3 8 26
3 8 27
3 8 28
3 8 29
3 8 30
3 8 31
3 8 32
3 8 33
3 8 34
3 8 35
3 8 36
3 8 37
3 8 38
3 8 39
3 8 40
3 8 41
3 8 42
3 8 43
3 8 44
3 8 45
3 8 46
3 8 47
3 8 48
3 8 49
3 8 50
3 8 51
3 8 52
3 8 53
3 8 54
3 8 55
3 8 56
3 8 57
3 8 58
3 8 59
3 8 60
3 8 61
3 8 62
3 8 63
3 8 64
3 8 65
3 8 66
3 8 67
3 8 68
3 8 69
3 8 70
3 8 71
3 8 72
3 8 73
3 8 74
3 8 75
3 8 76
3 8 77
3 8 78
3 8 79
3 8 80
3 8 81
3 8 82
3 8 83
3 8 84
3 8 85
3 8 86
3 8 87
3 8 88
3 8 89
3 8 90
3 8 91
3 8 92
3 8 93
3 8 94
3 8 95
3 8 96
3 8 97
3 8 98
3 8 99
3 8 100
3 10 13
3 10 16
3 10 19
3 10 22
3 10 23
3 10 25
3 10 26
3 10 28
3 10 29
3 10 31
3 10 32
3 10 33
3 10 34
3 10 35
3 10 36
3 10 37
3 10 38
3 10 39
3 10 40
3 10 41
3 10 42
3 10 43
3 10 44
3 10 45
3 10 46
3 10 47
3 10 48
3 10 49
3 10 50
3 10 51
3 10 52
3 10 53
3 10 54
3 10 55
3 10 56
3 10 57
3 10 58
3 10 59
3 10 60
3 10 61
3 10 62
3 10 63
3 10 64
3 10 65
3 10 66
3 10 67
3 10 68
3 10 69
3 10 70
3 10 71
3 10 72
3 10 73
3 10 74
3 10 75
3 10 76
3 10 77
3 10 78
3 10 79
3 10 80
3 10 81
3 10 82
3 10 83
3 10 84
3 10 85
3 10 86
3 10 87
3 10 88
3 10 89
3 10 90
3 10 91
3 10 92
3 10 93
3 10 94
3 10 95
3 10 96
3 10 97
3 10 98
3 10 99
3 10 100
4 1 5
4 1 6
4 1 7
4 1 8
4 1 9
4 1 10
4 1 11
4 1 12
4 1 13
4 1 14
4 1 15
4 1 16
4 1 17
4 1 18
4 1 19
4 1 20
4 1 21
4 1 22
4 1 23
4 1 24
4 1 25
4 1 26
4 1 27
4 1 28
4 1 29
4 1 30
4 1 31
4 1 32
4 1 33
4 1 34
4 1 35
4 1 36
4 1 37
4 1 38
4 1 39
4 1 40
4 1 41
4 1 42
4 1 43
4 1 44
4 1 45
4 1 46
4 1 47
4 1 48
4 1 49
4 1 50
4 1 51
4 1 52
4 1 53
4 1 54
4 1 55
4 1 56
4 1 57
4 1 58
4 1 59
4 1 60
4 1 61
4 1 62
4 1 63
4 1 64
4 1 65
4 1 66
4 1 67
4 1 68
4 1 69
4 1 70
4 1 71
4 1 72
4 1 73
4 1 74
4 1 75
4 1 76
4 1 77
4 1 78
4 1 79
4 1 80
4 1 81
4 1 82
4 1 83
4 1 84
4 1 85
4 1 86
4 1 87
4 1 88
4 1 89
4 1 90
4 1 91
4 1 92
4 1 93
4 1 94
4 1 95
4 1 96
4 1 97
4 1 98
4 1 99
4 1 100
4 3 7
4 3 10
4 3 11
4 3 13
4 3 14
4 3 15
4 3 16
4 3 17
4 3 18
4 3 19
4 3 20
4 3 21
4 3 22
4 3 23
4 3 24
4 3 25
4 3 26
4 3 27
4 3 28
4 3 29
4 3 30
4 3 31
4 3 32
4 3 33
4 3 34
4 3 35
4 3 36
4 3 37
4 3 38
4 3 39
4 3 40
4 3 41
4 3 42
4 3 43
4 3 44
4 3 45
4 3 46
4 3 47
4 3 48
4 3 49
4 3 50
4 3 51
4 3 52
4 3 53
4 3 54
4 3 55
4 3 56
4 3 57
4 3 58
4 3 59
4 3 60
4 3 61
4 3 62
4 3 63
4 3 64
4 3 65
4 3 66
4 3 67
4 3 68
4 3 69
4 3 70
4 3 71
4 3 72
4 3 73
4 3 74
4 3 75
4 3 76
4 3 77
4 3 78
4 3 79
4 3 80
4 3 81
4 3 82
4 3 83
4 3 84
4 3 85
4 3 86
4 3 87
4 3 88
4 3 89
4 3 90
4 3 91
4 3 92
4 3 93
4 3 94
4 3 95
4 3 96
4 3 97
4 3 98
4 3 99
4 3 100
4 5 9
4 5 13
4 5 14
4 5 17
4 5 18
4 5 19
4 5 21
4 5 22
4 5 23
4 5 24
4 5 25
4 5 26
4 5 27
4 5 28
4 5 29
4 5 30
4 5 31
4 5 32
4 5 33
4 5 34
4 5 35
4 5 36
4 5 37
4 5 38
4 5 39
4 5 40
4 5 41
4 5 42
4 5 43
4 5 44
4 5 45
4 5 46
4 5 47
4 5 48
4 5 49
4 5 50
4 5 51
4 5 52
4 5 53
4 5 54
4 5 55
4 5 56
4 5 57
4 5 58
4 5 59
4 5 60
4 5 61
4 5 62
4 5 63
4 5 64
4 5 65
4 5 66
4 5 67
4 5 68
4 5 69
4 5 70
4 5 71
4 5 72
4 5 73
4 5 74
4 5 75
4 5 76
4 5 77
4 5 78
4 5 79
4 5 80
4 5 81
4 5 82
4 5 83
4 5 84
4 5 85
4 5 86
4 5 87
4 5 88
4 5 89
4 5 90
4 5 91
4 5 92
4 5 93
4 5 94
4 5 95
4 5 96
4 5 97
4 5 98
4 5 99
4 5 100
4 7 11
4 7 15
4 7 18
4 7 19
4 7 22
4 7 23
4 7 25
4 7 26
4 7 27
4 7 29
4 7 30
4 7 31
4 7 32
4 7 33
4 7 34
4 7 35
4 7 36
4 7 37
4 7 38
4 7 39
4 7 40
4 7 41
4 7 42
4 7 43
4 7 44
4 7 45
4 7 46
4 7 47
4 7 48
4 7 49
4 7 50
4 7 51
4 7 52
4 7 53
4 7 54
4 7 55
4 7 56
4 7 57
4 7 58
4 7 59
4 7 60
4 7 61
4 7 62
4 7 63
4 7 64
4 7 65
4 7 66
4 7 67
4 7 68
4 7 69
4 7 70
4 7 71
4 7 72
4 7 73
4 7 74
4 7 75
4 7 76
4 7 77
4 7 78
4 7 79
4 7 80
4 7 81
4 7 82
4 7 83
4 7 84
4 7 85
4 7 86
4 7 87
4 7 88
4 7 89
4 7 90
4 7 91
4 7 92
4 7 93
4 7 94
4 7 95
4 7 96
4 7 97
4 7 98
4 7 99
4 7 100
4 9 13
4 9 17
4 9 21
4 9 22
4 9 25
4 9 26
4 9 29
4 9 30
4 9 31
4 9 33
4 9 34
4 9 35
4 9 37
4 9 38
4 9 39
4 9 40
4 9 41
4 9 42
4 9 43
4 9 44
4 9 45
4 9 46
4 9 47
4 9 48
4 9 49
4 9 50
4 9 51
4 9 52
4 9 53
4 9 54
4 9 55
4 9 56
4 9 57
4 9 58
4 9 59
4 9 60
4 9 61
4 9 62
4 9 63
4 9 64
4 9 65
4 9 66
4 9 67
4 9 68
4 9 69
4 9 70
4 9 71
4 9 72
4 9 73
4 9 74
4 9 75
4 9 76
4 9 77
4 9 78
4 9 79
4 9 80
4 9 81
4 9 82
4 9 83
4 9 84
4 9 85
4 9 86
4 9 87
4 9 88
4 9 89
4 9 90
4 9 91
4 9 92
4 9 93
4 9 94
4 9 95
4 9 96
4 9 97
4 9 98
4 9 99
4 9 100
5 1 6
5 1 7
5 1 8
5 1 9
5 1 10
5 1 11
5 1 12
5 1 13
5 1 14
5 1 15
5 1 16
5 1 17
5 1 18
5 1 19
5 1 20
5 1 21
5 1 22
5 1 23
5 1 24
5 1 25
5 1 26
5 1 27
5 1 28
5 1 29
5 1 30
5 1 31
5 1 32
5 1 33
5 1 34
5 1 35
5 1 36
5 1 37
5 1 38
5 1 39
5 1 40
5 1 41
5 1 42
5 1 43
5 1 44
5 1 45
5 1 46
5 1 47
5 1 48
5 1 49
5 1 50
5 1 51
5 1 52
5 1 53
5 1 54
5 1 55
5 1 56
5 1 57
5 1 58
5 1 59
5 1 60
5 1 61
5 1 62
5 1 63
5 1 64
5 1 65
5 1 66
5 1 67
5 1 68
5 1 69
5 1 70
5 1 71
5 1 72
5 1 73
5 1 74
5 1 75
5 1 76
5 1 77
5 1 78
5 1 79
5 1 80
5 1 81
5 1 82
5 1 83
5 1 84
5 1 85
5 1 86
5 1 87
5 1 88
5 1 89
5 1 90
5 1 91
5 1 92
5 1 93
5 1 94
5 1 95
5 1 96
5 1 97
5 1 98
5 1 99
5 1 100
5 2 7
5 2 9
5 2 11
5 2 12
5 2 13
5 2 14
5 2 15
5 2 16
5 2 17
5 2 18
5 2 19
5 2 20
5 2 21
5 2 22
5 2 23
5 2 24
5 2 25
5 2 26
5 2 27
5 2 28
5 2 29
5 2 30
5 2 31
5 2 32
5 2 33
5 2 34
5 2 35
5 2 36
5 2 37
5 2 38
5 2 39
5 2 40
5 2 41
5 2 42
5 2 43
5 2 44
5 2 45
5 2 46
5 2 47
5 2 48
5 2 49
5 2 50
5 2 51
5 2 52
5 2 53
5 2 54
5 2 55
5 2 56
5 2 57
5 2 58
5 2 59
5 2 60
5 2 61
5 2 62
5 2 63
5 2 64
5 2 65
5 2 66
5 2 67
5 2 68
5 2 69
5 2 70
5 2 71
5 2 72
5 2 73
5 2 74
5 2 75
5 2 76
5 2 77
5 2 78
5 2 79
5 2 80
5 2 81
5 2 82
5 2 83
5 2 84
5 2 85
5 2 86
5 2 87
5 2 88
5 2 89
5 2 90
5 2 91
5 2 92
5 2 93
5 2 94
5 2 95
5 2 96
5 2 97
5 2 98
5 2 99
5 2 100
5 3 8
5 3 11
5 3 13
5 3 14
5 3 16
5 3 17
5 3 18
5 3 19
5 3 20
5 3 21
5 3 22
5 3 23
5 3 24
5 3 25
5 3 26
5 3 27
5 3 28
5 3 29
5 3 30
5 3 31
5 3 32
5 3 33
5 3 34
5 3 35
5 3 36
5 3 37
5 3 38
5 3 39
5 3 40
5 3 41
5 3 42
5 3 43
5 3 44
5 3 45
5 3 46
5 3 47
5 3 48
5 3 49
5 3 50
5 3 51
5 3 52
5 3 53
5 3 54
5 3 55
5 3 56
5 3 57
5 3 58
5 3 59
5 3 60
5 3 61
5 3 62
5 3 63
5 3 64
5 3 65
5 3 66
5 3 67
5 3 68
5 3 69
5 3 70
5 3 71
5 3 72
5 3 73
5 3 74
5 3 75
5 3 76
5 3 77
5 3 78
5 3 79
5 3 80
5 3 81
5 3 82
5 3 83
5 3 84
5 3 85
5 3 86
5 3 87
5 3 88
5 3 89
5 3 90
5 3 91
5 3 92
5 3 93
5 3 94
5 3 95
5 3 96
5 3 97
5 3 98
5 3 99
5 3 100
5 4 9
5 4 13
5 4 14
5 4 17
5 4 18
5 4 19
5 4 21
5 4 22
5 4 23
5 4 24
5 4 25
5 4 26
5 4 27
5 4 28
5 4 29
5 4 30
5 4 31
5 4 32
5 4 33
5 4 34
5 4 35
5 4 36
5 4 37
5 4 38
5 4 39
5 4 40
5 4 41
5 4 42
5 4 43
5 4 44
5 4 45
5 4 46
5 4 47
5 4 48
5 4 49
5 4 50
5 4 51
5 4 52
5 4 53
5 4 54
5 4 55
5 4 56
5 4 57
5 4 58
5 4 59
5 4 60
5 4 61
5 4 62
5 4 63
5 4 64
5 4 65
5 4 66
5 4 67
5 4 68
5 4 69
5 4 70
5 4 71
5 4 72
5 4 73
5 4 74
5 4 75
5 4 76
5 4 77
5 4 78
5 4 79
5 4 80
5 4 81
5 4 82
5 4 83
5 4 84
5 4 85
5 4 86
5 4 87
5 4 88
5 4 89
5 4 90
5 4 91
5 4 92
5 4 93
5 4 94
5 4 95
5 4 96
5 4 97
5 4 98
5 4 99
5 4 100
5 6 11
5 6 16
5 6 17
5 6 21
5 6 22
5 6 23
5 6 26
5 6 27
5 6 28
5 6 29
5 6 31
5 6 32
5 6 33
5 6 34
5 6 35
5 6 36
5 6 37
5 6 38
5 6 39
5 6 40
5 6 41
5 6 42
5 6 43
5 6 44
5 6 45
5 6 46
5 6 47
5 6 48
5 6 49
5 6 50
5 6 51
5 6 52
5 6 53
5 6 54
5 6 55
5 6 56
5 6 57
5 6 58
5 6 59
5 6 60
5 6 61
5 6 62
5 6 63
5 6 64
5 6 65
5 6 66
5 6 67
5 6 68
5 6 69
5 6 70
5 6 71
5 6 72
5 6 73
5 6 74
5 6 75
5 6 76
5 6 77
5 6 78
5 6 79
5 6 80
5 6 81
5 6 82
5 6 83
5 6 84
5 6 85
5 6 86
5 6 87
5 6 88
5 6 89
5 6 90
5 6 91
5 6 92
5 6 93
5 6 94
5 6 95
5 6 96
5 6 97
5 6 98
5 6 99
5 6 100
5 7 12
5 7 17
5 7 19
5 7 22
5 7 24
5 7 26
5 7 27
5 7 29
5 7 31
5 7 32
5 7 33
5 7 34
5 7 36
5 7 37
5 7 38
5 7 39
5 7 40
5 7 41
5 7 42
5 7 43
5 7 44
5 7 45
5 7 46
5 7 47
5 7 48
5 7 49
5 7 50
5 7 51
5 7 52
5 7 53
5 7 54
5 7 55
5 7 56
5 7 57
5 7 58
5 7 59
5 7 60
5 7 61
5 7 62
5 7 63
5 7 64
5 7 65
5 7 66
5 7 67
5 7 68
5 7 69
5 7 70
5 7 71
5 7 72
5 7 73
5 7 74
5 7 75
5 7 76
5 7 77
5 7 78
5 7 79
5 7 80
5 7 81
5 7 82
5 7 83
5 7 84
5 7 85
5 7 86
5 7 87
5 7 88
5 7 89
5 7 90
5 7 91
5 7 92
5 7 93
5 7 94
5 7 95
5 7 96
5 7 97
5 7 98
5 7 99
5 7 100
5 8 13
5 8 18
5 8 21
5 8 23
5 8 26
5 8 28
5 8 29
5 8 31
5 8 33
5 8 34
5 8 36
5 8 37
5 8 38
5 8 39
5 8 41
5 8 42
5 8 43
5 8 44
5 8 45
5 8 46
5 8 47
5 8 48
5 8 49
5 8 50
5 8 51
5 8 52
5 8 53
5 8 54
5 8 55
5 8 56
5 8 57
5 8 58
5 8 59
5 8 60
5 8 61
5 8 62
5 8 63
5 8 64
5 8 65
5 8 66
5 8 67
5 8 68
5 8 69
5 8 70
5 8 71
5 8 72
5 8 73
5 8 74
5 8 75
5 8 76
5 8 77
5 8 78
5 8 79
5 8 80
5 8 81
5 8 82
5 8 83
5 8 84
5 8 85
5 8 86
5 8 87
5 8 88
5 8 89
5 8 90
5 8 91
5 8 92
5 8 93
5 8 94
5 8 95
5 8 96
5 8 97
5 8 98
5 8 99
5 8 100
5 9 14
5 9 19
5 9 23
5 9 24
5 9 28
5 9 29
5 9 32
5 9 33
5 9 34
5 9 37
5 9 38
5 9 39
5 9 41
5 9 42
5 9 43
5 9 44
5 9 46
5 9 47
5 9 48
5 9 49
5 9 50
5 9 51
5 9 52
5 9 53
5 9 54
5 9 55
5 9 56
5 9 57
5 9 58
5 9 59
5 9 60
5 9 61
5 9 62
5 9 63
5 9 64
5 9 65
5 9 66
5 9 67
5 9 68
5 9 69
5 9 70
5 9 71
5 9 72
5 9 73
5 9 74
5 9 75
5 9 76
5 9 77
5 9 78
5 9 79
5 9 80
5 9 81
5 9 82
5 9 83
5 9 84
5 9 85
5 9 86
5 9 87
5 9 88
5 9 89
5 9 90
5 9 91
5 9 92
5 9 93
5 9 94
5 9 95
5 9 96
5 9 97
5 9 98
5 9 99
5 9 100
6 1 7
6 1 8
6 1 9
6 1 10
6 1 11
6 1 12
6 1 13
6 1 14
6 1 15
6 1 16
6 1 17
6 1 18
6 1 19
6 1 20
6 1 21
6 1 22
6 1 23
6 1 24
6 1 25
6 1 26
6 1 27
6 1 28
6 1 29
6 1 30
6 1 31
6 1 32
6 1 33
6 1 34
6 1 35
6 1 36
6 1 37
6 1 38
6 1 39
6 1 40
6 1 41
6 1 42
6 1 43
6 1 44
6 1 45
6 1 46
6 1 47
6 1 48
6 1 49
6 1 50
6 1 51
6 1 52
6 1 53
6 1 54
6 1 55
6 1 56
6 1 57
6 1 58
6 1 59
6 1 60
6 1 61
6 1 62
6 1 63
6 1 64
6 1 65
6 1 66
6 1 67
6 1 68
6 1 69
6 1 70
6 1 71
6 1 72
6 1 73
6 1 74
6 1 75
6 1 76
6 1 77
6 1 78
6 1 79
6 1 80
6 1 81
6 1 82
6 1 83
6 1 84
6 1 85
6 1 86
6 1 87
6 1 88
6 1 89
6 1 90
6 1 91
6 1 92
6 1 93
6 1 94
6 1 95
6 1 96
6 1 97
6 1 98
6 1 99
6 1 100
6 5 11
6 5 16
6 5 17
6 5 21
6 5 22
6 5 23
6 5 26
6 5 27
6 5 28
6 5 29
6 5 31
6 5 32
6 5 33
6 5 34
6 5 35
6 5 36
6 5 37
6 5 38
6 5 39
6 5 40
6 5 41
6 5 42
6 5 43
6 5 44
6 5 45
6 5 46
6 5 47
6 5 48
6 5 49
6 5 50
6 5 51
6 5 52
6 5 53
6 5 54
6 5 55
6 5 56
6 5 57
6 5 58
6 5 59
6 5 60
6 5 61
6 5 62
6 5 63
6 5 64
6 5 65
6 5 66
6 5 67
6 5 68
6 5 69
6 5 70
6 5 71
6 5 72
6 5 73
6 5 74
6 5 75
6 5 76
6 5 77
6 5 78
6 5 79
6 5 80
6 5 81
6 5 82
6 5 83
6 5 84
6 5 85
6 5 86
6 5 87
6 5 88
6 5 89
6 5 90
6 5 91
6 5 92
6 5 93
6 5 94
6 5 95
6 5 96
6 5 97
6 5 98
6 5 99
6 5 100
6 7 13
6 7 19
6 7 20
6 7 25
6 7 26
6 7 27
6 7 31
6 7 32
6 7 33
6 7 34
6 7 37
6 7 38
6 7 39
6 7 40
6 7 41
6 7 43
6 7 44
6 7 45
6 7 46
6 7 47
6 7 48
6 7 49
6 7 50
6 7 51
6 7 52
6 7 53
6 7 54
6 7 55
6 7 56
6 7 57
6 7 58
6 7 59
6 7 60
6 7 61
6 7 62
6 7 63
6 7 64
6 7 65
6 7 66
6 7 67
6 7 68
6 7 69
6 7 70
6 7 71
6 7 72
6 7 73
6 7 74
6 7 75
6 7 76
6 7 77
6 7 78
6 7 79
6 7 80
6 7 81
6 7 82
6 7 83
6 7 84
6 7 85
6 7 86
6 7 87
6 7 88
6 7 89
6 7 90
6 7 91
6 7 92
6 7 93
6 7 94
6 7 95
6 7 96
6 7 97
6 7 98
6 7 99
6 7 100
7 1 8
7 1 9
7 1 10
7 1 11
7 1 12
7 1 13
7 1 14
7 1 15
7 1 16
7 1 17
7 1 18
7 1 19
7 1 20
7 1 21
7 1 22
7 1 23
7 1 24
7 1 25
7 1 26
7 1 27
7 1 28
7 1 29
7 1 30
7 1 31
7 1 32
7 1 33
7 1 34
7 1 35
7 1 36
7 1 37
7 1 38
7 1 39
7 1 40
7 1 41
7 1 42
7 1 43
7 1 44
7 1 45
7 1 46
7 1 47
7 1 48
7 1 49
7 1 50
7 1 51
7 1 52
7 1 53
7 1 54
7 1 55
7 1 56
7 1 57
7 1 58
7 1 59
7 1 60
7 1 61
7 1 62
7 1 63
7 1 64
7 1 65
7 1 66
7 1 67
7 1 68
7 1 69
7 1 70
7 1 71
7 1 72
7 1 73
7 1 74
7 1 75
7 1 76
7 1 77
7 1 78
7 1 79
7 1 80
7 1 81
7 1 82
7 1 83
7 1 84
7 1 85
7 1 86
7 1 87
7 1 88
7 1 89
7 1 90
7 1 91
7 1 92
7 1 93
7 1 94
7 1 95
7 1 96
7 1 97
7 1 98
7 1 99
7 1 100
7 2 9
7 2 11
7 2 13
7 2 15
7 2 16
7 2 17
7 2 18
7 2 19
7 2 20
7 2 21
7 2 22
7 2 23
7 2 24
7 2 25
7 2 26
7 2 27
7 2 28
7 2 29
7 2 30
7 2 31
7 2 32
7 2 33
7 2 34
7 2 35
7 2 36
7 2 37
7 2 38
7 2 39
7 2 40
7 2 41
7 2 42
7 2 43
7 2 44
7 2 45
7 2 46
7 2 47
7 2 48
7 2 49
7 2 50
7 2 51
7 2 52
7 2 53
7 2 54
7 2 55
7 2 56
7 2 57
7 2 58
7 2 59
7 2 60
7 2 61
7 2 62
7 2 63
7 2 64
7 2 65
7 2 66
7 2 67
7 2 68
7 2 69
7 2 70
7 2 71
7 2 72
7 2 73
7 2 74
7 2 75
7 2 76
7 2 77
7 2 78
7 2 79
7 2 80
7 2 81
7 2 82
7 2 83
7 2 84
7 2 85
7 2 86
7 2 87
7 2 88
7 2 89
7 2 90
7 2 91
7 2 92
7 2 93
7 2 94
7 2 95
7 2 96
7 2 97
7 2 98
7 2 99
7 2 100
7 3 10
7 3 13
7 3 16
7 3 17
7 3 19
7 3 20
7 3 22
7 3 23
7 3 24
7 3 25
7 3 26
7 3 27
7 3 28
7 3 29
7 3 30
7 3 31
7 3 32
7 3 33
7 3 34
7 3 35
7 3 36
7 3 37
7 3 38
7 3 39
7 3 40
7 3 41
7 3 42
7 3 43
7 3 44
7 3 45
7 3 46
7 3 47
7 3 48
7 3 49
7 3 50
7 3 51
7 3 52
7 3 53
7 3 54
7 3 55
7 3 56
7 3 57
7 3 58
7 3 59
7 3 60
7 3 61
7 3 62
7 3 63
7 3 64
7 3 65
7 3 66
7 3 67
7 3 68
7 3 69
7 3 70
7 3 71
7 3 72
7 3 73
7 3 74
7 3 75
7 3 76
7 3 77
7 3 78
7 3 79
7 3 80
7 3 81
7 3 82
7 3 83
7 3 84
7 3 85
7 3 86
7 3 87
7 3 88
7 3 89
7 3 90
7 3 91
7 3 92
7 3 93
7 3 94
7 3 95
7 3 96
7 3 97
7 3 98
7 3 99
7 3 100
7 4 11
7 4 15
7 4 18
7 4 19
7 4 22
7 4 23
7 4 25
7 4 26
7 4 27
7 4 29
7 4 30
7 4 31
7 4 32
7 4 33
7 4 34
7 4 35
7 4 36
7 4 37
7 4 38
7 4 39
7 4 40
7 4 41
7 4 42
7 4 43
7 4 44
7 4 45
7 4 46
7 4 47
7 4 48
7 4 49
7 4 50
7 4 51
7 4 52
7 4 53
7 4 54
7 4 55
7 4 56
7 4 57
7 4 58
7 4 59
7 4 60
7 4 61
7 4 62
7 4 63
7 4 64
7 4 65
7 4 66
7 4 67
7 4 68
7 4 69
7 4 70
7 4 71
7 4 72
7 4 73
7 4 74
7 4 75
7 4 76
7 4 77
7 4 78
7 4 79
7 4 80
7 4 81
7 4 82
7 4 83
7 4 84
7 4 85
7 4 86
7 4 87
7 4 88
7 4 89
7 4 90
7 4 91
7 4 92
7 4 93
7 4 94
7 4 95
7 4 96
7 4 97
7 4 98
7 4 99
7 4 100
7 5 12
7 5 17
7 5 19
7 5 22
7 5 24
7 5 26
7 5 27
7 5 29
7 5 31
7 5 32
7 5 33
7 5 34
7 5 36
7 5 37
7 5 38
7 5 39
7 5 40
7 5 41
7 5 42
7 5 43
7 5 44
7 5 45
7 5 46
7 5 47
7 5 48
7 5 49
7 5 50
7 5 51
7 5 52
7 5 53
7 5 54
7 5 55
7 5 56
7 5 57
7 5 58
7 5 59
7 5 60
7 5 61
7 5 62
7 5 63
7 5 64
7 5 65
7 5 66
7 5 67
7 5 68
7 5 69
7 5 70
7 5 71
7 5 72
7 5 73
7 5 74
7 5 75
7 5 76
7 5 77
7 5 78
7 5 79
7 5 80
7 5 81
7 5 82
7 5 83
7 5 84
7 5 85
7 5 86
7 5 87
7 5 88
7 5 89
7 5 90
7 5 91
7 5 92
7 5 93
7 5 94
7 5 95
7 5 96
7 5 97
7 5 98
7 5 99
7 5 100
7 6 13
7 6 19
7 6 20
7 6 25
7 6 26
7 6 27
7 6 31
7 6 32
7 6 33
7 6 34
7 6 37
7 6 38
7 6 39
7 6 40
7 6 41
7 6 43
7 6 44
7 6 45
7 6 46
7 6 47
7 6 48
7 6 49
7 6 50
7 6 51
7 6 52
7 6 53
7 6 54
7 6 55
7 6 56
7 6 57
7 6 58
7 6 59
7 6 60
7 6 61
7 6 62
7 6 63
7 6 64
7 6 65
7 6 66
7 6 67
7 6 68
7 6 69
7 6 70
7 6 71
7 6 72
7 6 73
7 6 74
7 6 75
7 6 76
7 6 77
7 6 78
7 6 79
7 6 80
7 6 81
7 6 82
7 6 83
7 6 84
7 6 85
7 6 86
7 6 87
7 6 88
7 6 89
7 6 90
7 6 91
7 6 92
7 6 93
7 6 94
7 6 95
7 6 96
7 6 97
7 6 98
7 6 99
7 6 100
7 8 15
7 8 22
7 8 23
7 8 29
7 8 30
7 8 31
7 8 36
7 8 37
7 8 38
7 8 39
7 8 43
7 8 44
7 8 45
7 8 46
7 8 47
7 8 50
7 8 51
7 8 52
7 8 53
7 8 54
7 8 55
7 8 57
7 8 58
7 8 59
7 8 60
7 8 61
7 8 62
7 8 63
7 8 64
7 8 65
7 8 66
7 8 67
7 8 68
7 8 69
7 8 70
7 8 71
7 8 72
7 8 73
7 8 74
7 8 75
7 8 76
7 8 77
7 8 78
7 8 79
7 8 80
7 8 81
7 8 82
7 8 83
7 8 84
7 8 85
7 8 86
7 8 87
7 8 88
7 8 89
7 8 90
7 8 91
7 8 92
7 8 93
7 8 94
7 8 95
7 8 96
7 8 97
7 8 98
7 8 99
7 8 100
7 9 16
7 9 23
7 9 25
7 9 30
7 9 32
7 9 34
7 9 37
7 9 39
7 9 41
7 9 43
7 9 44
7 9 46
7 9 48
7 9 50
7 9 51
7 9 52
7 9 53
7 9 55
7 9 57
7 9 58
7 9 59
7 9 60
7 9 61
7 9 62
7 9 64
7 9 65
7 9 66
7 9 67
7 9 68
7 9 69
7 9 70
7 9 71
7 9 72
7 9 73
7 9 74
7 9 75
7 9 76
7 9 77
7 9 78
7 9 79
7 9 80
7 9 81
7 9 82
7 9 83
7 9 84
7 9 85
7 9 86
7 9 87
7 9 88
7 9 89
7 9 90
7 9 91
7 9 92
7 9 93
7 9 94
7 9 95
7 9 96
7 9 97
7 9 98
7 9 99
7 9 100
7 10 17
7 10 24
7 10 27
7 10 31
7 10 34
7 10 37
7 10 38
7 10 41
7 10 44
7 10 45
7 10 47
7 10 48
7 10 51
7 10 52
7 10 54
7 10 55
7 10 57
7 10 58
7 10 59
7 10 61
7 10 62
7 10 64
7 10 65
7 10 66
7 10 67
7 10 68
7 10 69
7 10 71
7 10 72
7 10 73
7 10 74
7 10 75
7 10 76
7 10 77
7 10 78
7 10 79
7 10 80
7 10 81
7 10 82
7 10 83
7 10 84
7 10 85
7 10 86
7 10 87
7 10 88
7 10 89
7 10 90
7 10 91
7 10 92
7 10 93
7 10 94
7 10 95
7 10 96
7 10 97
7 10 98
7 10 99
7 10 100
8 1 9
8 1 10
8 1 11
8 1 12
8 1 13
8 1 14
8 1 15
8 1 16
8 1 17
8 1 18
8 1 19
8 1 20
8 1 21
8 1 22
8 1 23
8 1 24
8 1 25
8 1 26
8 1 27
8 1 28
8 1 29
8 1 30
8 1 31
8 1 32
8 1 33
8 1 34
8 1 35
8 1 36
8 1 37
8 1 38
8 1 39
8 1 40
8 1 41
8 1 42
8 1 43
8 1 44
8 1 45
8 1 46
8 1 47
8 1 48
8 1 49
8 1 50
8 1 51
8 1 52
8 1 53
8 1 54
8 1 55
8 1 56
8 1 57
8 1 58
8 1 59
8 1 60
8 1 61
8 1 62
8 1 63
8 1 64
8 1 65
8 1 66
8 1 67
8 1 68
8 1 69
8 1 70
8 1 71
8 1 72
8 1 73
8 1 74
8 1 75
8 1 76
8 1 77
8 1 78
8 1 79
8 1 80
8 1 81
8 1 82
8 1 83
8 1 84
8 1 85
8 1 86
8 1 87
8 1 88
8 1 89
8 1 90
8 1 91
8 1 92
8 1 93
8 1 94
8 1 95
8 1 96
8 1 97
8 1 98
8 1 99
8 1 100
8 3 11
8 3 14
8 3 17
8 3 19
8 3 20
8 3 22
8 3 23
8 3 25
8 3 26
8 3 27
8 3 28
8 3 29
8 3 30
8 3 31
8 3 32
8 3 33
8 3 34
8 3 35
8 3 36
8 3 37
8 3 38
8 3 39
8 3 40
8 3 41
8 3 42
8 3 43
8 3 44
8 3 45
8 3 46
8 3 47
8 3 48
8 3 49
8 3 50
8 3 51
8 3 52
8 3 53
8 3 54
8 3 55
8 3 56
8 3 57
8 3 58
8 3 59
8 3 60
8 3 61
8 3 62
8 3 63
8 3 64
8 3 65
8 3 66
8 3 67
8 3 68
8 3 69
8 3 70
8 3 71
8 3 72
8 3 73
8 3 74
8 3 75
8 3 76
8 3 77
8 3 78
8 3 79
8 3 80
8 3 81
8 3 82
8 3 83
8 3 84
8 3 85
8 3 86
8 3 87
8 3 88
8 3 89
8 3 90
8 3 91
8 3 92
8 3 93
8 3 94
8 3 95
8 3 96
8 3 97
8 3 98
8 3 99
8 3 100
8 5 13
8 5 18
8 5 21
8 5 23
8 5 26
8 5 28
8 5 29
8 5 31
8 5 33
8 5 34
8 5 36
8 5 37
8 5 38
8 5 39
8 5 41
8 5 42
8 5 43
8 5 44
8 5 45
8 5 46
8 5 47
8 5 48
8 5 49
8 5 50
8 5 51
8 5 52
8 5 53
8 5 54
8 5 55
8 5 56
8 5 57
8 5 58
8 5 59
8 5 60
8 5 61
8 5 62
8 5 63
8 5 64
8 5 65
8 5 66
8 5 67
8 5 68
8 5 69
8 5 70
8 5 71
8 5 72
8 5 73
8 5 74
8 5 75
8 5 76
8 5 77
8 5 78
8 5 79
8 5 80
8 5 81
8 5 82
8 5 83
8 5 84
8 5 85
8 5 86
8 5 87
8 5 88
8 5 89
8 5 90
8 5 91
8 5 92
8 5 93
8 5 94
8 5 95
8 5 96
8 5 97
8 5 98
8 5 99
8 5 100
8 7 15
8 7 22
8 7 23
8 7 29
8 7 30
8 7 31
8 7 36
8 7 37
8 7 38
8 7 39
8 7 43
8 7 44
8 7 45
8 7 46
8 7 47
8 7 50
8 7 51
8 7 52
8 7 53
8 7 54
8 7 55
8 7 57
8 7 58
8 7 59
8 7 60
8 7 61
8 7 62
8 7 63
8 7 64
8 7 65
8 7 66
8 7 67
8 7 68
8 7 69
8 7 70
8 7 71
8 7 72
8 7 73
8 7 74
8 7 75
8 7 76
8 7 77
8 7 78
8 7 79
8 7 80
8 7 81
8 7 82
8 7 83
8 7 84
8 7 85
8 7 86
8 7 87
8 7 88
8 7 89
8 7 90
8 7 91
8 7 92
8 7 93
8 7 94
8 7 95
8 7 96
8 7 97
8 7 98
8 7 99
8 7 100
8 9 17
8 9 25
8 9 26
8 9 33
8 9 34
8 9 35
8 9 41
8 9 42
8 9 43
8 9 44
8 9 49
8 9 50
8 9 51
8 9 52
8 9 53
8 9 57
8 9 58
8 9 59
8 9 60
8 9 61
8 9 62
8 9 65
8 9 66
8 9 67
8 9 68
8 9 69
8 9 70
8 9 71
8 9 73
8 9 74
8 9 75
8 9 76
8 9 77
8 9 78
8 9 79
8 9 80
8 9 81
8 9 82
8 9 83
8 9 84
8 9 85
8 9 86
8 9 87
8 9 88
8 9 89
8 9 90
8 9 91
8 9 92
8 9 93
8 9 94
8 9 95
8 9 96
8 9 97
8 9 98
8 9 99
8 9 100
9 1 10
9 1 11
9 1 12
9 1 13
9 1 14
9 1 15
9 1 16
9 1 17
9 1 18
9 1 19
9 1 20
9 1 21
9 1 22
9 1 23
9 1 24
9 1 25
9 1 26
9 1 27
9 1 28
9 1 29
9 1 30
9 1 31
9 1 32
9 1 33
9 1 34
9 1 35
9 1 36
9 1 37
9 1 38
9 1 39
9 1 40
9 1 41
9 1 42
9 1 43
9 1 44
9 1 45
9 1 46
9 1 47
9 1 48
9 1 49
9 1 50
9 1 51
9 1 52
9 1 53
9 1 54
9 1 55
9 1 56
9 1 57
9 1 58
9 1 59
9 1 60
9 1 61
9 1 62
9 1 63
9 1 64
9 1 65
9 1 66
9 1 67
9 1 68
9 1 69
9 1 70
9 1 71
9 1 72
9 1 73
9 1 74
9 1 75
9 1 76
9 1 77
9 1 78
9 1 79
9 1 80
9 1 81
9 1 82
9 1 83
9 1 84
9 1 85
9 1 86
9 1 87
9 1 88
9 1 89
9 1 90
9 1 91
9 1 92
9 1 93
9 1 94
9 1 95
9 1 96
9 1 97
9 1 98
9 1 99
9 1 100
9 2 11
9 2 13
9 2 15
9 2 17
9 2 19
9 2 20
9 2 21
9 2 22
9 2 23
9 2 24
9 2 25
9 2 26
9 2 27
9 2 28
9 2 29
9 2 30
9 2 31
9 2 32
9 2 33
9 2 34
9 2 35
9 2 36
9 2 37
9 2 38
9 2 39
9 2 40
9 2 41
9 2 42
9 2 43
9 2 44
9 2 45
9 2 46
9 2 47
9 2 48
9 2 49
9 2 50
9 2 51
9 2 52
9 2 53
9 2 54
9 2 55
9 2 56
9 2 57
9 2 58
9 2 59
9 2 60
9 2 61
9 2 62
9 2 63
9 2 64
9 2 65
9 2 66
9 2 67
9 2 68
9 2 69
9 2 70
9 2 71
9 2 72
9 2 73
9 2 74
9 2 75
9 2 76
9 2 77
9 2 78
9 2 79
9 2 80
9 2 81
9 2 82
9 2 83
9 2 84
9 2 85
9 2 86
9 2 87
9 2 88
9 2 89
9 2 90
9 2 91
9 2 92
9 2 93
9 2 94
9 2 95
9 2 96
9 2 97
9 2 98
9 2 99
9 2 100
9 4 13
9 4 17
9 4 21
9 4 22
9 4 25
9 4 26
9 4 29
9 4 30
9 4 31
9 4 33
9 4 34
9 4 35
9 4 37
9 4 38
9 4 39
9 4 40
9 4 41
9 4 42
9 4 43
9 4 44
9 4 45
9 4 46
9 4 47
9 4 48
9 4 49
9 4 50
9 4 51
9 4 52
9 4 53
9 4 54
9 4 55
9 4 56
9 4 57
9 4 58
9 4 59
9 4 60
9 4 61
9 4 62
9 4 63
9 4 64
9 4 65
9 4 66
9 4 67
9 4 68
9 4 69
9 4 70
9 4 71
9 4 72
9 4 73
9 4 74
9 4 75
9 4 76
9 4 77
9 4 78
9 4 79
9 4 80
9 4 81
9 4 82
9 4 83
9 4 84
9 4 85
9 4 86
9 4 87
9 4 88
9 4 89
9 4 90
9 4 91
9 4 92
9 4 93
9 4 94
9 4 95
9 4 96
9 4 97
9 4 98
9 4 99
9 4 100
9 5 14
9 5 19
9 5 23
9 5 24
9 5 28
9 5 29
9 5 32
9 5 33
9 5 34
9 5 37
9 5 38
9 5 39
9 5 41
9 5 42
9 5 43
9 5 44
9 5 46
9 5 47
9 5 48
9 5 49
9 5 50
9 5 51
9 5 52
9 5 53
9 5 54
9 5 55
9 5 56
9 5 57
9 5 58
9 5 59
9 5 60
9 5 61
9 5 62
9 5 63
9 5 64
9 5 65
9 5 66
9 5 67
9 5 68
9 5 69
9 5 70
9 5 71
9 5 72
9 5 73
9 5 74
9 5 75
9 5 76
9 5 77
9 5 78
9 5 79
9 5 80
9 5 81
9 5 82
9 5 83
9 5 84
9 5 85
9 5 86
9 5 87
9 5 88
9 5 89
9 5 90
9 5 91
9 5 92
9 5 93
9 5 94
9 5 95
9 5 96
9 5 97
9 5 98
9 5 99
9 5 100
9 7 16
9 7 23
9 7 25
9 7 30
9 7 32
9 7 34
9 7 37
9 7 39
9 7 41
9 7 43
9 7 44
9 7 46
9 7 48
9 7 50
9 7 51
9 7 52
9 7 53
9 7 55
9 7 57
9 7 58
9 7 59
9 7 60
9 7 61
9 7 62
9 7 64
9 7 65
9 7 66
9 7 67
9 7 68
9 7 69
9 7 70
9 7 71
9 7 72
9 7 73
9 7 74
9 7 75
9 7 76
9 7 77
9 7 78
9 7 79
9 7 80
9 7 81
9 7 82
9 7 83
9 7 84
9 7 85
9 7 86
9 7 87
9 7 88
9 7 89
9 7 90
9 7 91
9 7 92
9 7 93
9 7 94
9 7 95
9 7 96
9 7 97
9 7 98
9 7 99
9 7 100
9 8 17
9 8 25
9 8 26
9 8 33
9 8 34
9 8 35
9 8 41
9 8 42
9 8 43
9 8 44
9 8 49
9 8 50
9 8 51
9 8 52
9 8 53
9 8 57
9 8 58
9 8 59
9 8 60
9 8 61
9 8 62
9 8 65
9 8 66
9 8 67
9 8 68
9 8 69
9 8 70
9 8 71
9 8 73
9 8 74
9 8 75
9 8 76
9 8 77
9 8 78
9 8 79
9 8 80
9 8 81
9 8 82
9 8 83
9 8 84
9 8 85
9 8 86
9 8 87
9 8 88
9 8 89
9 8 90
9 8 91
9 8 92
9 8 93
9 8 94
9 8 95
9 8 96
9 8 97
9 8 98
9 8 99
9 8 100
9 10 19
9 10 28
9 10 29
9 10 37
9 10 38
9 10 39
9 10 46
9 10 47
9 10 48
9 10 49
9 10 55
9 10 56
9 10 57
9 10 58
9 10 59
9 10 64
9 10 65
9 10 66
9 10 67
9 10 68
9 10 69
9 10 73
9 10 74
9 10 75
9 10 76
9 10 77
9 10 78
9 10 79
9 10 82
9 10 83
9 10 84
9 10 85
9 10 86
9 10 87
9 10 88
9 10 89
9 10 91
9 10 92
9 10 93
9 10 94
9 10 95
9 10 96
9 10 97
9 10 98
9 10 99
9 10 100
10 1 11
10 1 12
10 1 13
10 1 14
10 1 15
10 1 16
10 1 17
10 1 18
10 1 19
10 1 20
10 1 21
10 1 22
10 1 23
10 1 24
10 1 25
10 1 26
10 1 27
10 1 28
10 1 29
10 1 30
10 1 31
10 1 32
10 1 33
10 1 34
10 1 35
10 1 36
10 1 37
10 1 38
10 1 39
10 1 40
10 1 41
10 1 42
10 1 43
10 1 44
10 1 45
10 1 46
10 1 47
10 1 48
10 1 49
10 1 50
10 1 51
10 1 52
10 1 53
10 1 54
10 1 55
10 1 56
10 1 57
10 1 58
10 1 59
10 1 60
10 1 61
10 1 62
10 1 63
10 1 64
10 1 65
10 1 66
10 1 67
10 1 68
10 1 69
10 1 70
10 1 71
10 1 72
10 1 73
10 1 74
10 1 75
10 1 76
10 1 77
10 1 78
10 1 79
10 1 80
10 1 81
10 1 82
10 1 83
10 1 84
10 1 85
10 1 86
10 1 87
10 1 88
10 1 89
10 1 90
10 1 91
10 1 92
10 1 93
10 1 94
10 1 95
10 1 96
10 1 97
10 1 98
10 1 99
10 1 100
10 3 13
10 3 16
10 3 19
10 3 22
10 3 23
10 3 25
10 3 26
10 3 28
10 3 29
10 3 31
10 3 32
10 3 33
10 3 34
10 3 35
10 3 36
10 3 37
10 3 38
10 3 39
10 3 40
10 3 41
10 3 42
10 3 43
10 3 44
10 3 45
10 3 46
10 3 47
10 3 48
10 3 49
10 3 50
10 3 51
10 3 52
10 3 53
10 3 54
10 3 55
10 3 56
10 3 57
10 3 58
10 3 59
10 3 60
10 3 61
10 3 62
10 3 63
10 3 64
10 3 65
10 3 66
10 3 67
10 3 68
10 3 69
10 3 70
10 3 71
10 3 72
10 3 73
10 3 74
10 3 75
10 3 76
10 3 77
10 3 78
10 3 79
10 3 80
10 3 81
10 3 82
10 3 83
10 3 84
10 3 85
10 3 86
10 3 87
10 3 88
10 3 89
10 3 90
10 3 91
10 3 92
10 3 93
10 3 94
10 3 95
10 3 96
10 3 97
10 3 98
10 3 99
10 3 100
10 7 17
10 7 24
10 7 27
10 7 31
10 7 34
10 7 37
10 7 38
10 7 41
10 7 44
10 7 45
10 7 47
10 7 48
10 7 51
10 7 52
10 7 54
10 7 55
10 7 57
10 7 58
10 7 59
10 7 61
10 7 62
10 7 64
10 7 65
10 7 66
10 7 67
10 7 68
10 7 69
10 7 71
10 7 72
10 7 73
10 7 74
10 7 75
10 7 76
10 7 77
10 7 78
10 7 79
10 7 80
10 7 81
10 7 82
10 7 83
10 7 84
10 7 85
10 7 86
10 7 87
10 7 88
10 7 89
10 7 90
10 7 91
10 7 92
10 7 93
10 7 94
10 7 95
10 7 96
10 7 97
10 7 98
10 7 99
10 7 100
10 9 19
10 9 28
10 9 29
10 9 37
10 9 38
10 9 39
10 9 46
10 9 47
10 9 48
10 9 49
10 9 55
10 9 56
10 9 57
10 9 58
10 9 59
10 9 64
10 9 65
10 9 66
10 9 67
10 9 68
10 9 69
10 9 73
10 9 74
10 9 75
10 9 76
10 9 77
10 9 78
10 9 79
10 9 82
10 9 83
10 9 84
10 9 85
10 9 86
10 9 87
10 9 88
10 9 89
10 9 91
10 9 92
10 9 93
10 9 94
10 9 95
10 9 96
10 9 97
10 9 98
10 9 99
10 9 100
