1215
5 0
00000
5 1
00000
5 2
00000
5 3
00000
5 4
00000
5 0
00001
5 1
00001
5 2
00001
5 3
00001
5 4
00001
5 0
0000?
5 1
0000?
5 2
0000?
5 3
0000?
5 4
0000?
5 0
00010
5 1
00010
5 2
00010
5 3
00010
5 4
00010
5 0
00011
5 1
00011
5 2
00011
5 3
00011
5 4
00011
5 0
0001?
5 1
0001?
5 2
0001?
5 3
0001?
5 4
0001?
5 0
000?0
5 1
000?0
5 2
000?0
5 3
000?0
5 4
000?0
5 0
000?1
5 1
000?1
5 2
000?1
5 3
000?1
5 4
000?1
5 0
000??
5 1
000??
5 2
000??
5 3
000??
5 4
000??
5 0
00100
5 1
00100
5 2
00100
5 3
00100
5 4
00100
5 0
00101
5 1
00101
5 2
00101
5 3
00101
5 4
00101
5 0
0010?
5 1
0010?
5 2
0010?
5 3
0010?
5 4
0010?
5 0
00110
5 1
00110
5 2
00110
5 3
00110
5 4
00110
5 0
00111
5 1
00111
5 2
00111
5 3
00111
5 4
00111
5 0
0011?
5 1
0011?
5 2
0011?
5 3
0011?
5 4
0011?
5 0
001?0
5 1
001?0
5 2
001?0
5 3
001?0
5 4
001?0
5 0
001?1
5 1
001?1
5 2
001?1
5 3
001?1
5 4
001?1
5 0
001??
5 1
001??
5 2
001??
5 3
001??
5 4
001??
5 0
00?00
5 1
00?00
5 2
00?00
5 3
00?00
5 4
00?00
5 0
00?01
5 1
00?01
5 2
00?01
5 3
00?01
5 4
00?01
5 0
00?0?
5 1
00?0?
5 2
00?0?
5 3
00?0?
5 4
00?0?
5 0
00?10
5 1
00?10
5 2
00?10
5 3
00?10
5 4
00?10
5 0
00?11
5 1
00?11
5 2
00?11
5 3
00?11
5 4
00?11
5 0
00?1?
5 1
00?1?
5 2
00?1?
5 3
00?1?
5 4
00?1?
5 0
00??0
5 1
00??0
5 2
00??0
5 3
00??0
5 4
00??0
5 0
00??1
5 1
00??1
5 2
00??1
5 3
00??1
5 4
00??1
5 0
00???
5 1
00???
5 2
00???
5 3
00???
5 4
00???
5 0
01000
5 1
01000
5 2
01000
5 3
01000
5 4
01000
5 0
01001
5 1
01001
5 2
01001
5 3
01001
5 4
01001
5 0
0100?
5 1
0100?
5 2
0100?
5 3
0100?
5 4
0100?
5 0
01010
5 1
01010
5 2
01010
5 3
01010
5 4
01010
5 0
01011
5 1
01011
5 2
01011
5 3
01011
5 4
01011
5 0
0101?
5 1
0101?
5 2
0101?
5 3
0101?
5 4
0101?
5 0
010?0
5 1
010?0
5 2
010?0
5 3
010?0
5 4
010?0
5 0
010?1
5 1
010?1
5 2
010?1
5 3
010?1
5 4
010?1
5 0
010??
5 1
010??
5 2
010??
5 3
010??
5 4
010??
5 0
01100
5 1
01100
5 2
01100
5 3
01100
5 4
01100
5 0
01101
5 1
01101
5 2
01101
5 3
01101
5 4
01101
5 0
0110?
5 1
0110?
5 2
0110?
5 3
0110?
5 4
0110?
5 0
01110
5 1
01110
5 2
01110
5 3
01110
5 4
01110
5 0
01111
5 1
01111
5 2
01111
5 3
01111
5 4
01111
5 0
0111?
5 1
0111?
5 2
0111?
5 3
0111?
5 4
0111?
5 0
011?0
5 1
011?0
5 2
011?0
5 3
011?0
5 4
011?0
5 0
011?1
5 1
011?1
5 2
011?1
5 3
011?1
5 4
011?1
5 0
011??
5 1
011??
5 2
011??
5 3
011??
5 4
011??
5 0
01?00
5 1
01?00
5 2
01?00
5 3
01?00
5 4
01?00
5 0
01?01
5 1
01?01
5 2
01?01
5 3
01?01
5 4
01?01
5 0
01?0?
5 1
01?0?
5 2
01?0?
5 3
01?0?
5 4
01?0?
5 0
01?10
5 1
01?10
5 2
01?10
5 3
01?10
5 4
01?10
5 0
01?11
5 1
01?11
5 2
01?11
5 3
01?11
5 4
01?11
5 0
01?1?
5 1
01?1?
5 2
01?1?
5 3
01?1?
5 4
01?1?
5 0
01??0
5 1
01??0
5 2
01??0
5 3
01??0
5 4
01??0
5 0
01??1
5 1
01??1
5 2
01??1
5 3
01??1
5 4
01??1
5 0
01???
5 1
01???
5 2
01???
5 3
01???
5 4
01???
5 0
0?000
5 1
0?000
5 2
0?000
5 3
0?000
5 4
0?000
5 0
0?001
5 1
0?001
5 2
0?001
5 3
0?001
5 4
0?001
5 0
0?00?
5 1
0?00?
5 2
0?00?
5 3
0?00?
5 4
0?00?
5 0
0?010
5 1
0?010
5 2
0?010
5 3
0?010
5 4
0?010
5 0
0?011
5 1
0?011
5 2
0?011
5 3
0?011
5 4
0?011
5 0
0?01?
5 1
0?01?
5 2
0?01?
5 3
0?01?
5 4
0?01?
5 0
0?0?0
5 1
0?0?0
5 2
0?0?0
5 3
0?0?0
5 4
0?0?0
5 0
0?0?1
5 1
0?0?1
5 2
0?0?1
5 3
0?0?1
5 4
0?0?1
5 0
0?0??
5 1
0?0??
5 2
0?0??
5 3
0?0??
5 4
0?0??
5 0
0?100
5 1
0?100
5 2
0?100
5 3
0?100
5 4
0?100
5 0
0?101
5 1
0?101
5 2
0?101
5 3
0?101
5 4
0?101
5 0
0?10?
5 1
0?10?
5 2
0?10?
5 3
0?10?
5 4
0?10?
5 0
0?110
5 1
0?110
5 2
0?110
5 3
0?110
5 4
0?110
5 0
0?111
5 1
0?111
5 2
0?111
5 3
0?111
5 4
0?111
5 0
0?11?
5 1
0?11?
5 2
0?11?
5 3
0?11?
5 4
0?11?
5 0
0?1?0
5 1
0?1?0
5 2
0?1?0
5 3
0?1?0
5 4
0?1?0
5 0
0?1?1
5 1
0?1?1
5 2
0?1?1
5 3
0?1?1
5 4
0?1?1
5 0
0?1??
5 1
0?1??
5 2
0?1??
5 3
0?1??
5 4
0?1??
5 0
0??00
5 1
0??00
5 2
0??00
5 3
0??00
5 4
0??00
5 0
0??01
5 1
0??01
5 2
0??01
5 3
0??01
5 4
0??01
5 0
0??0?
5 1
0??0?
5 2
0??0?
5 3
0??0?
5 4
0??0?
5 0
0??10
5 1
0??10
5 2
0??10
5 3
0??10
5 4
0??10
5 0
0??11
5 1
0??11
5 2
0??11
5 3
0??11
5 4
0??11
5 0
0??1?
5 1
0??1?
5 2
0??1?
5 3
0??1?
5 4
0??1?
5 0
0???0
5 1
0???0
5 2
0???0
5 3
0???0
5 4
0???0
5 0
0???1
5 1
0???1
5 2
0???1
5 3
0???1
5 4
0???1
5 0
0????
5 1
0????
5 2
0????
5 3
0????
5 4
0????
5 0
10000
5 1
10000
5 2
10000
5 3
10000
5 4
10000
5 0
10001
5 1
10001
5 2
10001
5 3
10001
5 4
10001
5 0
1000?
5 1
1000?
5 2
1000?
5 3
1000?
5 4
1000?
5 0
10010
5 1
10010
5 2
10010
5 3
10010
5 4
10010
5 0
10011
5 1
10011
5 2
10011
5 3
10011
5 4
10011
5 0
1001?
5 1
1001?
5 2
1001?
5 3
1001?
5 4
1001?
5 0
100?0
5 1
100?0
5 2
100?0
5 3
100?0
5 4
100?0
5 0
100?1
5 1
100?1
5 2
100?1
5 3
100?1
5 4
100?1
5 0
100??
5 1
100??
5 2
100??
5 3
100??
5 4
100??
5 0
10100
5 1
10100
5 2
10100
5 3
10100
5 4
10100
5 0
10101
5 1
10101
5 2
10101
5 3
10101
5 4
10101
5 0
1010?
5 1
1010?
5 2
1010?
5 3
1010?
5 4
1010?
5 0
10110
5 1
10110
5 2
10110
5 3
10110
5 4
10110
5 0
10111
5 1
10111
5 2
10111
5 3
10111
5 4
10111
5 0
1011?
5 1
1011?
5 2
1011?
5 3
1011?
5 4
1011?
5 0
101?0
5 1
101?0
5 2
101?0
5 3
101?0
5 4
101?0
5 0
101?1
5 1
101?1
5 2
101?1
5 3
101?1
5 4
101?1
5 0
101??
5 1
101??
5 2
101??
5 3
101??
5 4
101??
5 0
10?00
5 1
10?00
5 2
10?00
5 3
10?00
5 4
10?00
5 0
10?01
5 1
10?01
5 2
10?01
5 3
10?01
5 4
10?01
5 0
10?0?
5 1
10?0?
5 2
10?0?
5 3
10?0?
5 4
10?0?
5 0
10?10
5 1
10?10
5 2
10?10
5 3
10?10
5 4
10?10
5 0
10?11
5 1
10?11
5 2
10?11
5 3
10?11
5 4
10?11
5 0
10?1?
5 1
10?1?
5 2
10?1?
5 3
10?1?
5 4
10?1?
5 0
10??0
5 1
10??0
5 2
10??0
5 3
10??0
5 4
10??0
5 0
10??1
5 1
10??1
5 2
10??1
5 3
10??1
5 4
10??1
5 0
10???
5 1
10???
5 2
10???
5 3
10???
5 4
10???
5 0
11000
5 1
11000
5 2
11000
5 3
11000
5 4
11000
5 0
11001
5 1
11001
5 2
11001
5 3
11001
5 4
11001
5 0
1100?
5 1
1100?
5 2
1100?
5 3
1100?
5 4
1100?
5 0
11010
5 1
11010
5 2
11010
5 3
11010
5 4
11010
5 0
11011
5 1
11011
5 2
11011
5 3
11011
5 4
11011
5 0
1101?
5 1
1101?
5 2
1101?
5 3
1101?
5 4
1101?
5 0
110?0
5 1
110?0
5 2
110?0
5 3
110?0
5 4
110?0
5 0
110?1
5 1
110?1
5 2
110?1
5 3
110?1
5 4
110?1
5 0
110??
5 1
110??
5 2
110??
5 3
110??
5 4
110??
5 0
11100
5 1
11100
5 2
11100
5 3
11100
5 4
11100
5 0
11101
5 1
11101
5 2
11101
5 3
11101
5 4
11101
5 0
1110?
5 1
1110?
5 2
1110?
5 3
1110?
5 4
1110?
5 0
11110
5 1
11110
5 2
11110
5 3
11110
5 4
11110
5 0
11111
5 1
11111
5 2
11111
5 3
11111
5 4
11111
5 0
1111?
5 1
1111?
5 2
1111?
5 3
1111?
5 4
1111?
5 0
111?0
5 1
111?0
5 2
111?0
5 3
111?0
5 4
111?0
5 0
111?1
5 1
111?1
5 2
111?1
5 3
111?1
5 4
111?1
5 0
111??
5 1
111??
5 2
111??
5 3
111??
5 4
111??
5 0
11?00
5 1
11?00
5 2
11?00
5 3
11?00
5 4
11?00
5 0
11?01
5 1
11?01
5 2
11?01
5 3
11?01
5 4
11?01
5 0
11?0?
5 1
11?0?
5 2
11?0?
5 3
11?0?
5 4
11?0?
5 0
11?10
5 1
11?10
5 2
11?10
5 3
11?10
5 4
11?10
5 0
11?11
5 1
11?11
5 2
11?11
5 3
11?11
5 4
11?11
5 0
11?1?
5 1
11?1?
5 2
11?1?
5 3
11?1?
5 4
11?1?
5 0
11??0
5 1
11??0
5 2
11??0
5 3
11??0
5 4
11??0
5 0
11??1
5 1
11??1
5 2
11??1
5 3
11??1
5 4
11??1
5 0
11???
5 1
11???
5 2
11???
5 3
11???
5 4
11???
5 0
1?000
5 1
1?000
5 2
1?000
5 3
1?000
5 4
1?000
5 0
1?001
5 1
1?001
5 2
1?001
5 3
1?001
5 4
1?001
5 0
1?00?
5 1
1?00?
5 2
1?00?
5 3
1?00?
5 4
1?00?
5 0
1?010
5 1
1?010
5 2
1?010
5 3
1?010
5 4
1?010
5 0
1?011
5 1
1?011
5 2
1?011
5 3
1?011
5 4
1?011
5 0
1?01?
5 1
1?01?
5 2
1?01?
5 3
1?01?
5 4
1?01?
5 0
1?0?0
5 1
1?0?0
5 2
1?0?0
5 3
1?0?0
5 4
1?0?0
5 0
1?0?1
5 1
1?0?1
5 2
1?0?1
5 3
1?0?1
5 4
1?0?1
5 0
1?0??
5 1
1?0??
5 2
1?0??
5 3
1?0??
5 4
1?0??
5 0
1?100
5 1
1?100
5 2
1?100
5 3
1?100
5 4
1?100
5 0
1?101
5 1
1?101
5 2
1?101
5 3
1?101
5 4
1?101
5 0
1?10?
5 1
1?10?
5 2
1?10?
5 3
1?10?
5 4
1?10?
5 0
1?110
5 1
1?110
5 2
1?110
5 3
1?110
5 4
1?110
5 0
1?111
5 1
1?111
5 2
1?111
5 3
1?111
5 4
1?111
5 0
1?11?
5 1
1?11?
5 2
1?11?
5 3
1?11?
5 4
1?11?
5 0
1?1?0
5 1
1?1?0
5 2
1?1?0
5 3
1?1?0
5 4
1?1?0
5 0
1?1?1
5 1
1?1?1
5 2
1?1?1
5 3
1?1?1
5 4
1?1?1
5 0
1?1??
5 1
1?1??
5 2
1?1??
5 3
1?1??
5 4
1?1??
5 0
1??00
5 1
1??00
5 2
1??00
5 3
1??00
5 4
1??00
5 0
1??01
5 1
1??01
5 2
1??01
5 3
1??01
5 4
1??01
5 0
1??0?
5 1
1??0?
5 2
1??0?
5 3
1??0?
5 4
1??0?
5 0
1??10
5 1
1??10
5 2
1??10
5 3
1??10
5 4
1??10
5 0
1??11
5 1
1??11
5 2
1??11
5 3
1??11
5 4
1??11
5 0
1??1?
5 1
1??1?
5 2
1??1?
5 3
1??1?
5 4
1??1?
5 0
1???0
5 1
1???0
5 2
1???0
5 3
1???0
5 4
1???0
5 0
1???1
5 1
1???1
5 2
1???1
5 3
1???1
5 4
1???1
5 0
1????
5 1
1????
5 2
1????
5 3
1????
5 4
1????
5 0
?0000
5 1
?0000
5 2
?0000
5 3
?0000
5 4
?0000
5 0
?0001
5 1
?0001
5 2
?0001
5 3
?0001
5 4
?0001
5 0
?000?
5 1
?000?
5 2
?000?
5 3
?000?
5 4
?000?
5 0
?0010
5 1
?0010
5 2
?0010
5 3
?0010
5 4
?0010
5 0
?0011
5 1
?0011
5 2
?0011
5 3
?0011
5 4
?0011
5 0
?001?
5 1
?001?
5 2
?001?
5 3
?001?
5 4
?001?
5 0
?00?0
5 1
?00?0
5 2
?00?0
5 3
?00?0
5 4
?00?0
5 0
?00?1
5 1
?00?1
5 2
?00?1
5 3
?00?1
5 4
?00?1
5 0
?00??
5 1
?00??
5 2
?00??
5 3
?00??
5 4
?00??
5 0
?0100
5 1
?0100
5 2
?0100
5 3
?0100
5 4
?0100
5 0
?0101
5 1
?0101
5 2
?0101
5 3
?0101
5 4
?0101
5 0
?010?
5 1
?010?
5 2
?010?
5 3
?010?
5 4
?010?
5 0
?0110
5 1
?0110
5 2
?0110
5 3
?0110
5 4
?0110
5 0
?0111
5 1
?0111
5 2
?0111
5 3
?0111
5 4
?0111
5 0
?011?
5 1
?011?
5 2
?011?
5 3
?011?
5 4
?011?
5 0
?01?0
5 1
?01?0
5 2
?01?0
5 3
?01?0
5 4
?01?0
5 0
?01?1
5 1
?01?1
5 2
?01?1
5 3
?01?1
5 4
?01?1
5 0
?01??
5 1
?01??
5 2
?01??
5 3
?01??
5 4
?01??
5 0
?0?00
5 1
?0?00
5 2
?0?00
5 3
?0?00
5 4
?0?00
5 0
?0?01
5 1
?0?01
5 2
?0?01
5 3
?0?01
5 4
?0?01
5 0
?0?0?
5 1
?0?0?
5 2
?0?0?
5 3
?0?0?
5 4
?0?0?
5 0
?0?10
5 1
?0?10
5 2
?0?10
5 3
?0?10
5 4
?0?10
5 0
?0?11
5 1
?0?11
5 2
?0?11
5 3
?0?11
5 4
?0?11
5 0
?0?1?
5 1
?0?1?
5 2
?0?1?
5 3
?0?1?
5 4
?0?1?
5 0
?0??0
5 1
?0??0
5 2
?0??0
5 3
?0??0
5 4
?0??0
5 0
?0??1
5 1
?0??1
5 2
?0??1
5 3
?0??1
5 4
?0??1
5 0
?0???
5 1
?0???
5 2
?0???
5 3
?0???
5 4
?0???
5 0
?1000
5 1
?1000
5 2
?1000
5 3
?1000
5 4
?1000
5 0
?1001
5 1
?1001
5 2
?1001
5 3
?1001
5 4
?1001
5 0
?100?
5 1
?100?
5 2
?100?
5 3
?100?
5 4
?100?
5 0
?1010
5 1
?1010
5 2
?1010
5 3
?1010
5 4
?1010
5 0
?1011
5 1
?1011
5 2
?1011
5 3
?1011
5 4
?1011
5 0
?101?
5 1
?101?
5 2
?101?
5 3
?101?
5 4
?101?
5 0
?10?0
5 1
?10?0
5 2
?10?0
5 3
?10?0
5 4
?10?0
5 0
?10?1
5 1
?10?1
5 2
?10?1
5 3
?10?1
5 4
?10?1
5 0
?10??
5 1
?10??
5 2
?10??
5 3
?10??
5 4
?10??
5 0
?1100
5 1
?1100
5 2
?1100
5 3
?1100
5 4
?1100
5 0
?1101
5 1
?1101
5 2
?1101
5 3
?1101
5 4
?1101
5 0
?110?
5 1
?110?
5 2
?110?
5 3
?110?
5 4
?110?
5 0
?1110
5 1
?1110
5 2
?1110
5 3
?1110
5 4
?1110
5 0
?1111
5 1
?1111
5 2
?1111
5 3
?1111
5 4
?1111
5 0
?111?
5 1
?111?
5 2
?111?
5 3
?111?
5 4
?111?
5 0
?11?0
5 1
?11?0
5 2
?11?0
5 3
?11?0
5 4
?11?0
5 0
?11?1
5 1
?11?1
5 2
?11?1
5 3
?11?1
5 4
?11?1
5 0
?11??
5 1
?11??
5 2
?11??
5 3
?11??
5 4
?11??
5 0
?1?00
5 1
?1?00
5 2
?1?00
5 3
?1?00
5 4
?1?00
5 0
?1?01
5 1
?1?01
5 2
?1?01
5 3
?1?01
5 4
?1?01
5 0
?1?0?
5 1
?1?0?
5 2
?1?0?
5 3
?1?0?
5 4
?1?0?
5 0
?1?10
5 1
?1?10
5 2
?1?10
5 3
?1?10
5 4
?1?10
5 0
?1?11
5 1
?1?11
5 2
?1?11
5 3
?1?11
5 4
?1?11
5 0
?1?1?
5 1
?1?1?
5 2
?1?1?
5 3
?1?1?
5 4
?1?1?
5 0
?1??0
5 1
?1??0
5 2
?1??0
5 3
?1??0
5 4
?1??0
5 0
?1??1
5 1
?1??1
5 2
?1??1
5 3
?1??1
5 4
?1??1
5 0
?1???
5 1
?1???
5 2
?1???
5 3
?1???
5 4
?1???
5 0
??000
5 1
??000
5 2
??000
5 3
??000
5 4
??000
5 0
??001
5 1
??001
5 2
??001
5 3
??001
5 4
??001
5 0
??00?
5 1
??00?
5 2
??00?
5 3
??00?
5 4
??00?
5 0
??010
5 1
??010
5 2
??010
5 3
??010
5 4
??010
5 0
??011
5 1
??011
5 2
??011
5 3
??011
5 4
??011
5 0
??01?
5 1
??01?
5 2
??01?
5 3
??01?
5 4
??01?
5 0
??0?0
5 1
??0?0
5 2
??0?0
5 3
??0?0
5 4
??0?0
5 0
??0?1
5 1
??0?1
5 2
??0?1
5 3
??0?1
5 4
??0?1
5 0
??0??
5 1
??0??
5 2
??0??
5 3
??0??
5 4
??0??
5 0
??100
5 1
??100
5 2
??100
5 3
??100
5 4
??100
5 0
??101
5 1
??101
5 2
??101
5 3
??101
5 4
??101
5 0
??10?
5 1
??10?
5 2
??10?
5 3
??10?
5 4
??10?
5 0
??110
5 1
??110
5 2
??110
5 3
??110
5 4
??110
5 0
??111
5 1
??111
5 2
??111
5 3
??111
5 4
??111
5 0
??11?
5 1
??11?
5 2
??11?
5 3
??11?
5 4
??11?
5 0
??1?0
5 1
??1?0
5 2
??1?0
5 3
??1?0
5 4
??1?0
5 0
??1?1
5 1
??1?1
5 2
??1?1
5 3
??1?1
5 4
??1?1
5 0
??1??
5 1
??1??
5 2
??1??
5 3
??1??
5 4
??1??
5 0
???00
5 1
???00
5 2
???00
5 3
???00
5 4
???00
5 0
???01
5 1
???01
5 2
???01
5 3
???01
5 4
???01
5 0
???0?
5 1
???0?
5 2
???0?
5 3
???0?
5 4
???0?
5 0
???10
5 1
???10
5 2
???10
5 3
???10
5 4
???10
5 0
???11
5 1
???11
5 2
???11
5 3
???11
5 4
???11
5 0
???1?
5 1
???1?
5 2
???1?
5 3
???1?
5 4
???1?
5 0
????0
5 1
????0
5 2
????0
5 3
????0
5 4
????0
5 0
????1
5 1
????1
5 2
????1
5 3
????1
5 4
????1
5 0
?????
5 1
?????
5 2
?????
5 3
?????
5 4
?????
