3,5,2,2,5,1,4,4,1,3,
4,6,3,3,6,2,5,5,2,4,1,1,
5,5,4,2,7,3,6,6,3,7,2,4,1,1,
4,6,5,3,8,2,7,5,6,8,3,7,2,4,1,1,
9,9,8,6,7,3,4,2,5,5,6,8,3,7,2,4,1,1,
10,8,9,5,8,2,5,3,6,6,7,9,4,10,3,7,2,4,1,1,
5,5,6,2,9,3,10,6,11,9,8,8,7,11,4,10,3,7,2,4,1,1,
12,2,9,3,8,6,11,7,10,10,7,11,4,12,3,9,6,8,5,5,2,4,1,1,
3,11,4,8,7,9,8,12,11,13,12,10,13,7,10,6,9,3,6,2,5,5,2,4,1,1,
12,14,11,11,14,10,13,13,10,12,9,9,8,6,7,3,4,2,5,5,6,8,3,7,2,4,1,1,
9,5,10,2,13,3,14,6,15,9,12,10,11,13,8,14,5,15,4,12,7,11,6,8,3,7,2,4,1,1,
14,8,15,5,16,2,13,3,12,6,11,9,10,12,9,15,6,16,5,13,8,14,7,11,4,10,3,7,2,4,1,1,
15,9,16,6,17,3,14,2,13,5,12,8,11,11,8,12,7,15,10,14,9,17,6,16,5,13,4,10,3,7,2,4,1,1,
14,16,15,13,18,12,17,15,16,18,13,17,12,14,11,11,10,8,9,5,8,2,5,3,6,6,7,9,4,10,3,7,2,4,1,1,
13,5,14,2,17,3,18,6,19,9,16,8,15,11,12,12,11,15,10,18,7,19,6,16,9,17,8,14,5,13,4,10,3,7,2,4,1,1,
14,6,15,3,18,2,19,5,20,8,17,9,16,12,13,11,12,14,9,15,8,18,11,17,10,20,7,19,6,16,5,13,4,10,3,7,2,4,1,1,
19,9,20,6,21,3,18,2,17,5,16,8,15,11,12,12,11,15,14,16,13,19,10,20,7,21,6,18,9,17,8,14,5,13,4,10,3,7,2,4,1,1,
22,12,19,13,18,16,21,17,20,20,17,21,14,22,13,19,16,18,15,15,12,14,11,11,10,8,9,5,8,2,5,3,6,6,7,9,4,10,3,7,2,4,1,1,
17,5,18,2,21,3,22,6,23,9,20,8,19,11,16,12,15,15,12,16,11,19,14,20,13,23,10,22,7,21,6,18,9,17,8,14,5,13,4,10,3,7,2,4,1,1,
18,6,19,3,22,2,23,5,24,8,21,9,20,12,17,11,16,14,13,15,12,18,15,19,14,22,11,23,8,24,7,21,10,20,9,17,6,16,5,13,4,10,3,7,2,4,1,1,
23,9,24,6,25,3,22,2,21,5,20,8,19,11,16,12,15,15,18,14,17,17,14,18,13,21,12,24,9,25,8,22,11,23,10,20,7,19,6,16,5,13,4,10,3,7,2,4,1,1,
24,8,25,5,26,2,23,3,22,6,21,9,20,12,17,11,16,14,19,15,18,18,15,17,14,20,11,21,10,24,13,23,12,26,9,25,8,22,7,19,6,16,5,13,4,10,3,7,2,4,1,1,
21,5,22,2,25,3,26,6,27,9,24,8,23,11,20,12,19,15,18,18,17,21,14,22,13,25,16,24,15,27,12,26,11,23,10,20,7,19,6,16,9,17,8,14,5,13,4,10,3,7,2,4,1,1,
22,6,23,3,26,2,27,5,28,8,25,9,24,12,21,11,20,14,17,15,16,18,19,17,18,20,15,21,14,24,13,27,10,28,9,25,12,26,11,23,8,22,7,19,6,16,5,13,4,10,3,7,2,4,1,1,
23,5,24,2,27,3,28,6,29,9,26,8,25,11,22,12,21,15,18,14,17,17,20,18,19,21,16,20,15,23,12,24,11,27,14,26,13,29,10,28,9,25,8,22,7,19,6,16,5,13,4,10,3,7,2,4,1,1,
28,8,29,5,30,2,27,3,26,6,25,9,24,12,21,11,20,14,23,15,22,18,19,17,18,20,15,21,14,24,17,25,16,28,13,29,10,30,9,27,12,26,11,23,8,22,7,19,6,16,5,13,4,10,3,7,2,4,1,1,
