81 934 49
55 73 966
47 73 232
79 26 233
34 75 903
72 23 212
13 33 443
68 48 611
49 71 429
73 80 116
79 34 781
65 8 489
61 46 623
63 14 576
39 68 478
46 16 468
22 18 990
32 26 121
48 8 974
37 66 447
9 76 409
9 49 884
3 37 888
74 3 800
19 78 757
46 68 821
41 71 359
79 55 872
61 25 860
15 77 597
11 65 321
44 54 954
6 43 83
40 66 462
49 61 21
1 19 488
61 67 754
10 29 835
58 66 68
35 10 882
81 8 941
63 40 63
57 8 405
58 23 93
53 1 602
19 15 601
57 41 3
70 65 764
34 27 880
70 52 357
45 13 733
39 75 589
64 37 373
2 41 126
4 63 88
4 20 830
44 76 391
77 28 278
56 63 131
14 45 242
8 45 783
61 74 682
12 38 184
2 48 861
56 23 2
44 46 379
25 44 426
34 63 361
37 31 378
61 19 809
29 51 709
58 41 35
13 25 743
8 2 845
40 39 209
64 70 164
64 61 99
66 9 827
48 35 648
69 51 241
6 41 606
20 46 700
69 77 26
63 78 847
71 57 585
50 49 948
78 67 294
14 29 997
48 73 613
72 30 353
5 79 25
57 18 302
54 40 115
59 69 595
42 52 842
12 23 371
36 43 681
34 8 457
57 80 636
71 53 837
60 67 414
40 4 686
4 42 308
6 26 236
69 74 151
71 30 814
22 49 70
17 72 195
45 19 719
3 58 637
58 71 215
45 70 723
47 1 331
62 19 710
34 50 514
58 59 718
74 64 649
67 7 348
20 50 20
51 47 531
51 19 117
55 80 466
75 8 187
17 15 415
40 49 205
54 50 27
40 46 624
45 5 730
50 45 878
54 25 101
74 40 656
18 13 235
65 58 103
62 63 216
24 79 524
19 73 280
17 7 516
5 32 734
59 70 819
25 11 356
48 57 572
18 31 473
48 4 768
37 47 154
43 76 94
47 58 897
47 56 275
36 50 309
44 14 34
43 61 535
16 49 250
77 13 651
59 22 193
75 62 129
73 23 485
8 7 799
44 56 180
57 37 453
75 32 732
68 13 992
54 5 508
37 22 17
2 55 836
34 2 561
33 25 200
64 53 36
72 7 889
68 19 705
53 14 128
41 10 427
24 35 909
69 17 213
52 37 398
75 13 291
37 11 653
61 2 695
16 73 599
51 43 13
75 77 600
31 26 230
80 59 120
2 40 10
33 10 224
50 10 168
29 6 511
23 50 832
43 18 501
47 29 7
47 14 952
69 1 553
41 39 959
74 35 664
15 24 643
39 18 28
35 12 421
21 3 182
25 54 728
13 2 702
65 52 162
69 40 71
16 6 979
52 67 900
14 30 573
68 26 412
81 47 967
8 16 858
51 26 328
28 70 977
54 36 147
79 77 792
48 3 811
3 8 479
77 33 772
13 5 902
71 68 77
26 40 691
74 42 673
35 31 946
3 17 385
40 76 820
57 63 344
16 81 277
5 75 712
69 56 694
70 28 782
18 19 483
44 47 640
45 79 669
50 79 608
70 38 727
69 38 406
29 59 617
13 62 518
18 26 506
13 48 411
2 52 433
63 27 16
2 11 256
44 19 542
26 68 921
37 7 901
68 36 976
38 10 73
17 35 556
5 16 667
35 78 133
80 42 905
32 7 526
9 11 672
22 63 806
67 22 947
28 25 725
73 16 92
44 45 540
41 81 793
4 38 387
57 51 575
17 53 82
27 6 917
25 65 374
4 37 113
81 57 578
53 24 567
28 74 386
59 5 852
38 62 935
24 4 761
26 69 829
14 32 742
58 64 895
45 37 252
34 60 786
26 32 751
36 2 346
8 23 314
15 62 704
38 59 257
64 79 760
6 65 655
79 69 505
18 62 502
53 58 111
31 34 367
15 13 715
36 46 220
20 48 204
12 63 248
18 7 38
36 47 382
74 47 246
19 75 841
45 78 423
66 20 843
65 33 419
20 56 677
68 47 223
44 35 957
29 24 267
45 9 744
72 14 560
34 26 285
40 25 177
29 19 678
43 7 539
65 24 759
31 35 995
17 46 645
79 80 48
71 5 765
2 47 559
73 57 973
43 69 684
20 26 397
34 69 91
33 61 436
22 61 431
44 80 420
69 43 123
48 31 43
58 3 234
71 28 853
49 57 739
63 25 62
3 50 955
8 76 335
47 64 322
22 39 413
4 3 384
81 33 271
9 75 78
60 24 619
19 54 713
18 28 848
75 40 172
20 62 763
46 62 536
63 12 401
61 75 122
71 78 689
13 34 896
1 53 907
66 63 770
28 26 639
81 63 219
69 8 851
52 61 857
70 64 37
7 55 460
78 5 491
59 10 47
50 61 124
22 33 106
52 69 859
13 80 985
22 51 31
62 72 552
62 38 74
79 73 543
59 36 435
79 3 449
13 17 879
15 73 445
68 61 789
36 67 477
36 59 615
14 11 862
42 2 430
7 20 988
80 15 632
21 60 816
49 43 864
34 19 42
53 28 171
75 25 960
44 37 90
13 73 67
3 21 943
6 20 135
7 52 808
35 16 49
50 19 564
80 34 281
64 58 969
52 27 662
7 12 631
1 2 125
36 72 118
2 65 594
42 22 176
63 49 548
8 66 670
71 10 428
36 58 52
19 79 149
60 46 395
63 66 745
3 14 363
36 38 474
62 6 201
32 55 368
20 68 394
67 13 729
10 42 360
69 12 926
81 40 822
72 50 685
68 69 527
53 78 343
11 67 377
69 80 517
19 52 188
7 65 166
19 70 823
60 19 850
58 39 465
77 43 207
38 71 735
29 7 145
38 22 437
35 5 752
77 44 692
15 61 134
67 68 513
9 81 826
64 36 463
43 22 301
39 5 953
60 81 933
58 7 698
30 51 381
10 8 693
30 50 243
76 19 925
76 28 404
4 73 855
81 73 813
52 5 337
19 53 347
58 76 221
56 30 441
57 50 299
69 13 720
2 63 169
62 27 61
16 78 380
14 31 791
35 28 638
42 18 658
24 33 459
24 2 333
34 22 771
20 31 833
77 75 355
40 19 660
64 72 311
68 66 11
43 54 469
19 55 297
56 64 916
44 32 854
58 1 891
21 44 666
1 5 798
35 70 264
2 7 150
6 11 777
47 8 865
33 75 717
70 63 260
41 24 365
40 37 170
54 6 923
42 17 849
58 45 461
76 31 750
9 1 604
77 47 313
59 50 175
35 60 65
37 40 522
36 11 167
30 45 927
22 66 418
57 4 740
78 16 775
12 34 332
56 54 780
60 49 422
80 35 825
56 12 886
8 58 290
6 21 59
24 12 650
16 63 871
77 19 8
45 60 141
78 55 580
74 7 159
60 38 940
31 29 657
18 22 747
80 29 472
16 26 253
45 8 818
37 46 417
50 62 924
72 37 629
11 49 586
27 32 202
1 57 392
77 26 400
49 2 189
1 75 40
1 48 996
37 45 797
33 77 680
20 6 898
32 6 33
31 66 259
54 58 287
65 45 932
11 28 407
41 40 815
22 19 196
80 16 951
1 28 14
70 44 262
24 73 174
39 21 41
46 41 590
7 78 644
28 16 912
8 21 440
72 22 349
36 18 810
51 37 156
32 71 179
47 25 142
25 73 56
43 6 769
62 76 991
55 30 887
27 20 476
58 24 579
17 3 699
25 55 493
18 44 300
69 53 191
76 60 498
55 29 582
63 7 203
73 30 444
53 63 679
52 47 217
45 39 455
79 33 737
53 38 403
34 16 1
70 61 497
60 21 484
80 49 265
12 21 480
71 41 95
39 20 80
72 44 614
63 37 310
9 7 856
80 52 350
8 15 286
55 2 767
68 65 583
44 65 949
25 78 530
18 54 538
27 40 642
61 73 999
37 70 225
15 74 846
42 56 105
32 8 481
70 27 60
63 61 870
12 54 981
20 58 731
78 45 929
58 75 45
10 33 534
6 56 138
33 35 326
65 72 899
34 68 86
40 14 812
51 23 496
43 59 915
61 36 620
25 30 471
67 54 114
60 32 944
53 43 342
44 55 562
25 34 185
42 78 557
30 4 283
56 8 282
8 40 306
28 23 962
71 22 983
53 66 634
8 14 127
73 29 828
47 30 515
17 27 158
14 25 89
18 49 964
45 41 520
41 7 867
46 43 44
71 76 298
34 43 665
43 10 32
13 15 327
75 42 512
21 26 293
59 81 626
24 1 659
51 56 198
18 15 112
12 57 787
49 38 228
61 27 227
63 44 975
53 40 305
65 48 980
54 12 788
62 55 881
37 34 722
33 44 978
72 51 319
20 23 136
9 78 591
10 38 890
54 7 390
54 57 584
11 17 19
43 13 753
55 59 51
52 7 85
69 33 15
12 6 451
10 24 464
61 47 641
26 72 12
40 24 612
10 30 199
62 40 289
70 43 803
68 12 143
17 73 504
37 61 163
54 73 57
51 50 683
58 73 741
72 53 703
33 51 920
19 4 922
79 29 756
62 51 894
10 7 152
43 21 140
59 61 982
76 62 546
31 22 432
63 21 58
52 57 869
38 48 532
69 28 499
29 73 98
16 32 663
38 64 627
50 26 708
13 50 919
56 49 84
32 54 269
16 13 239
45 11 304
22 25 358
41 20 873
31 41 931
31 44 701
31 8 654
69 58 605
66 58 362
7 46 500
33 22 778
79 66 521
50 44 817
19 42 690
40 29 762
55 18 231
13 52 97
51 65 53
25 49 674
32 64 707
43 8 197
68 75 22
53 15 945
79 54 805
31 68 341
39 65 178
78 51 416
64 6 773
76 69 688
31 9 190
30 21 802
52 16 119
26 65 470
49 59 137
5 10 738
47 74 834
1 30 544
80 62 939
68 4 569
41 27 876
68 38 934
43 37 218
7 48 146
54 33 914
49 35 831
23 69 603
10 77 970
14 46 270
51 80 393
34 7 372
61 58 237
54 63 186
40 5 399
40 2 102
65 22 801
7 49 295
26 37 324
42 77 54
65 29 249
56 32 222
2 53 296
40 13 746
58 81 784
2 10 687
25 42 318
12 1 633
42 34 547
78 73 965
65 75 647
41 64 160
64 65 877
59 53 245
4 79 755
57 34 958
14 36 652
31 50 711
79 71 581
67 47 937
57 30 107
67 70 446
75 68 109
75 69 388
61 78 875
81 46 621
58 54 181
57 55 555
56 70 130
73 5 64
63 17 354
59 49 408
81 76 39
39 31 714
6 9 610
22 4 885
29 57 736
48 62 448
49 33 75
51 9 758
68 51 785
59 67 490
45 48 258
2 12 104
3 18 261
73 55 588
36 61 139
33 20 155
59 3 208
45 73 892
74 70 883
39 50 928
61 3 482
37 29 938
60 15 396
45 46 563
52 45 625
78 46 87
41 26 475
74 80 268
45 74 132
19 31 334
51 15 79
23 57 956
45 31 525
70 5 325
71 21 72
29 36 950
10 56 529
52 68 96
76 7 804
37 59 157
14 39 312
1 55 6
30 35 807
23 18 274
8 17 364
81 56 238
52 18 183
27 51 570
37 58 100
44 25 986
47 68 566
60 8 338
77 60 206
56 41 774
12 81 18
76 41 323
11 31 288
12 80 618
40 81 439
46 63 329
80 43 776
33 38 148
37 81 456
39 17 254
65 54 571
81 59 972
40 60 528
25 3 676
26 11 796
6 59 375
15 70 450
36 37 240
37 74 574
37 20 383
15 80 519
60 59 537
73 38 4
26 54 824
11 22 906
41 45 635
27 71 598
29 21 533
34 74 587
37 25 66
52 48 255
55 48 69
46 3 55
15 78 863
62 12 779
67 25 630
73 11 307
63 70 766
65 18 244
39 43 110
13 64 210
6 80 50
60 25 706
46 15 868
70 47 23
22 21 153
28 69 726
32 53 904
79 65 263
77 38 369
40 68 795
23 71 303
59 71 596
47 12 144
56 37 266
55 49 593
77 76 911
5 67 716
3 77 5
31 37 844
67 43 492
61 6 108
21 50 494
17 60 402
78 37 507
3 29 366
17 49 452
50 31 276
49 6 352
16 56 29
6 24 839
52 35 9
75 73 173
4 17 794
15 34 993
5 74 790
69 16 592
27 45 315
45 25 675
33 6 510
76 40 467
14 15 913
75 71 607
37 18 568
51 12 345
56 43 229
58 16 541
4 56 284
61 7 339
73 43 661
62 2 272
28 27 998
9 10 838
44 20 454
22 16 273
24 11 46
43 56 874
6 79 984
79 44 918
35 7 226
9 62 930
61 66 76
13 20 211
40 9 671
44 6 971
16 21 646
73 78 424
76 8 30
41 31
34 31
36 49
15 65
70 6
53 9
63 80
46 75
16 6
57 49
25 46
28 32
11 14
20 18
34 20
72 20
33 47
47 68
14 48
54 45
3 15
71 47
58 30
71 28
79 6
26 81
54 63
57 78
70 41
10 3
45 64
40 33
39 69
59 58
15 79
10 81
7 15
28 46
45 19
60 74
27 36
3 51
37 11
55 7
45 28
53 60
33 81
18 33
54 79
